12215
72 385
73 404
61 405
61 404
61 405
64 398
65 398
64 398
61 406
70 402
70 401
69 401
70 383
66 382
64 389
62 381
61 381
62 381
62 380
62 381
62 382
63 382
62 363
58 380
57 382
58 380
59 380
60 380
60 379
58 380
55 354
57 353
67 348
68 354
69 360
72 352
72 353
71 353
72 352
75 344
74 344
75 344
63 348
62 348
61 348
61 347
61 348
62 348
61 356
62 352
61 352
60 352
61 352
62 352
63 348
64 354
65 360
64 352
65 352
64 352
63 344
54 351
53 351
52 351
51 351
52 351
53 351
54 351
55 351
54 351
55 347
54 347
55 347
50 367
48 353
46 370
47 347
45 370
36 365
27 360
26 360
27 360
27 359
26 359
27 360
33 365
39 370
45 354
45 355
45 354
44 353
43 352
42 352
41 352
40 353
40 354
40 353
43 352
42 351
41 350
41 351
41 350
45 344
39 348
40 349
40 350
40 351
40 350
40 349
39 349
40 349
37 346
38 347
38 348
38 347
36 345
35 345
36 345
35 344
36 345
34 343
33 342
32 341
31 341
30 341
30 342
30 343
29 344
28 344
29 344
30 342
29 342
28 342
29 342
30 342
32 341
32 342
32 343
31 343
32 341
31 340
30 340
31 340
32 331
25 334
26 329
25 329
26 329
27 324
26 324
27 324
28 324
27 324
27 323
26 323
27 324
35 335
42 319
39 320
42 319
45 318
44 329
59 321
61 334
59 326
58 322
55 324
43 332
39 309
50 299
51 299
50 299
51 280
51 281
52 281
51 304
52 303
54 301
53 302
55 300
55 299
55 300
58 297
58 296
58 295
58 296
58 297
60 295
61 310
50 318
59 304
56 306
50 310
53 298
54 298
53 298
54 294
54 295
53 295
54 294
52 290
50 286
50 285
50 286
49 286
50 286
49 284
48 282
48 281
49 281
50 280
49 281
48 282
47 280
46 278
46 277
46 278
45 276
44 274
44 273
44 274
43 272
42 270
42 271
41 271
41 272
42 272
42 273
41 273
41 274
41 273
42 272
41 271
42 270
39 264
38 264
38 263
38 262
38 263
39 264
47 263
46 263
47 263
50 279
49 279
50 279
41 254
42 249
40 259
40 260
39 260
40 259
35 251
30 243
32 247
31 247
32 247
32 248
32 249
32 250
32 251
31 251
30 251
31 251
32 247
34 251
35 253
36 255
38 259
40 253
41 250
43 244
50 309
39 307
40 307
39 332
38 313
36 312
37 312
36 312
34 311
33 311
34 311
28 308
33 310
38 312
31 300
39 304
24 245
23 258
23 259
24 259
25 279
23 258
24 258
23 258
22 258
22 259
23 258
24 245
31 299
30 300
29 301
30 301
30 302
29 301
28 302
27 303
26 303
27 303
27 302
26 302
25 302
25 303
26 302
27 303
26 304
28 302
29 301
28 301
27 301
26 301
27 301
28 301
29 301
26 299
23 297
24 301
25 305
24 306
23 307
24 307
25 307
24 307
23 307
19 298
20 298
19 310
18 310
19 310
20 310
19 310
10 306
10 307
10 308
10 307
10 306
18 299
18 300
17 300
16 300
16 299
17 299
16 299
16 298
16 299
17 300
10 320
18 317
11 332
11 331
18 332
17 329
16 326
13 317
21 315
18 323
18 324
18 323
25 336
25 335
25 336
24 328
23 320
21 339
21 338
21 337
21 336
21 335
21 336
21 337
21 338
13 339
21 344
21 343
21 344
9 347
22 352
23 359
24 366
22 357
10 348
18 339
12 338
6 337
5 337
6 337
7 337
7 336
8 336
7 336
7 335
7 336
3 340
4 340
4 341
4 342
4 341
3 340
2 340
3 340
2 341
1 341
2 341
1 342
2 350
3 358
2 358
3 358
2 341
3 340
2 322
3 322
2 336
9 324
9 325
10 325
9 334
9 335
9 336
9 335
9 334
10 334
9 334
4 321
6 331
7 336
6 337
4 364
11 354
14 370
13 370
12 370
13 370
14 370
17 360
15 364
15 365
14 365
13 365
14 365
15 364
18 377
11 372
10 374
10 373
10 374
16 384
16 383
15 383
14 383
14 384
15 383
16 384
15 384
16 384
16 385
17 385
18 386
18 385
18 384
18 383
18 382
18 381
18 380
18 381
18 382
18 383
18 384
18 385
18 386
16 384
13 379
15 376
16 376
15 376
21 367
21 368
21 367
20 378
21 378
21 377
20 378
19 378
20 378
19 389
20 389
21 389
20 389
19 389
22 394
22 393
23 393
24 392
25 392
24 392
24 393
25 393
24 392
25 391
24 392
22 377
23 377
22 394
25 399
25 398
25 399
32 384
25 382
30 394
29 399
28 404
31 409
32 409
31 409
32 398
33 387
46 434
46 433
46 432
48 432
48 433
48 434
48 435
49 435
49 434
50 434
50 435
50 434
50 433
50 434
49 435
48 432
46 403
50 411
52 405
53 402
60 401
61 409
60 407
59 405
58 403
57 401
59 410
55 409
51 408
52 411
54 417
55 420
55 421
55 422
54 422
53 422
54 422
54 421
53 421
53 420
53 421
54 422
55 420
56 423
57 423
56 423
51 433
60 438
59 438
58 438
59 438
59 437
60 437
59 437
59 436
59 435
60 435
60 436
60 435
59 437
52 438
61 440
52 445
66 447
63 452
62 452
63 452
60 457
64 459
63 459
62 459
62 460
63 460
62 460
64 459
68 461
72 463
71 463
72 463
75 471
50 428
53 424
52 424
52 425
53 424
53 423
52 423
51 423
51 424
51 425
51 424
52 423
51 422
52 423
53 424
59 416
59 417
58 417
58 416
58 417
59 434
60 433
63 430
62 431
61 431
62 431
62 432
63 432
62 431
63 430
65 428
64 428
65 438
60 414
61 415
61 416
61 417
61 416
61 415
63 417
64 418
65 419
70 413
69 413
70 413
68 422
67 422
68 422
67 421
67 420
67 421
68 422
72 421
76 420
75 421
74 422
75 422
76 422
75 422
74 422
73 423
72 424
71 425
75 412
69 433
67 440
67 439
76 428
76 429
76 428
70 435
72 436
80 440
79 428
78 428
79 428
80 434
81 440
83 438
84 437
85 436
85 437
86 437
88 439
86 437
85 436
86 435
87 436
87 435
87 436
89 438
91 440
89 437
87 434
85 431
81 425
80 425
81 425
77 419
78 418
82 414
83 413
84 422
83 419
83 418
84 418
85 417
86 417
85 417
86 416
85 417
84 418
84 417
84 416
84 417
83 417
84 418
83 419
82 416
80 410
90 399
89 417
86 400
80 414
77 421
81 432
82 431
84 429
85 428
87 426
88 425
87 426
87 425
87 426
89 424
97 434
90 438
93 425
100 417
105 428
102 429
103 429
102 429
102 430
101 430
101 431
101 430
102 429
97 422
96 431
104 417
91 405
96 388
92 406
91 406
90 406
90 405
92 406
90 415
91 415
90 415
97 399
103 406
103 407
104 407
104 406
104 407
103 406
101 384
100 384
99 384
100 384
100 383
99 383
100 383
99 382
93 378
91 384
90 387
90 388
90 387
89 390
84 394
82 389
90 380
89 380
90 380
80 384
77 395
83 391
86 389
89 387
98 381
98 380
98 381
99 382
100 383
101 384
96 329
96 330
96 329
95 361
92 362
92 361
92 362
89 363
86 364
88 354
89 355
89 356
89 355
88 354
87 353
89 319
87 326
88 326
87 326
81 347
80 346
82 296
81 296
81 295
82 296
83 271
83 272
83 271
84 246
75 320
74 320
75 305
74 305
74 304
75 305
76 314
68 309
68 308
68 309
61 298
67 273
66 273
66 272
66 271
66 270
66 269
66 268
66 269
66 270
66 271
66 272
67 272
67 271
66 272
67 273
65 267
66 267
65 267
65 268
65 267
64 264
63 261
62 261
62 260
63 261
64 261
63 261
61 255
69 242
73 248
74 248
75 248
74 248
74 249
75 250
75 249
75 250
71 259
74 249
73 248
67 267
62 250
65 281
64 281
65 281
56 278
61 284
60 284
61 272
64 291
60 289
61 289
61 288
61 287
61 288
60 289
56 287
56 286
56 287
79 323
77 324
75 325
71 327
60 321
61 332
65 334
69 336
69 335
68 335
68 336
68 335
69 336
73 338
71 337
75 339
62 327
71 326
80 325
79 353
81 243
86 361
86 360
86 359
86 358
86 357
86 356
86 355
86 354
86 353
93 361
100 369
101 334
105 416
106 416
105 416
112 404
125 420
125 419
125 418
125 417
126 417
126 416
125 416
125 415
126 415
126 414
125 414
125 413
125 414
126 415
125 416
126 417
126 418
126 417
125 420
122 414
119 408
118 406
118 405
118 404
118 405
118 406
119 406
120 406
120 407
120 408
120 407
118 406
119 408
113 396
114 405
115 397
114 397
115 397
117 398
121 392
125 402
127 385
126 385
127 385
129 412
126 402
123 392
123 393
123 392
123 391
124 391
124 392
124 393
124 392
125 392
125 393
125 392
124 391
124 390
124 389
124 390
124 391
123 392
120 382
122 382
123 382
122 382
122 383
120 382
110 413
115 419
116 419
116 418
117 418
116 418
115 419
116 421
117 423
118 425
120 429
124 426
124 427
124 426
128 423
129 430
129 431
129 432
129 431
129 430
130 437
109 469
108 469
108 468
109 469
98 470
98 471
98 470
81 479
82 477
83 475
84 475
84 474
83 475
82 475
83 475
84 473
85 471
86 469
85 469
86 469
76 472
78 471
79 471
79 472
78 472
78 473
79 473
79 474
78 474
78 475
79 474
78 473
79 472
78 471
77 462
80 470
84 468
82 469
81 469
82 469
82 468
81 468
81 467
81 466
80 466
81 468
80 467
81 468
82 469
83 469
83 470
90 479
95 469
91 486
95 481
99 476
101 486
102 486
101 486
109 476
110 486
120 484
117 479
114 474
129 453
120 470
127 486
127 485
127 486
122 468
117 486
117 485
117 486
115 485
114 481
112 473
107 481
109 482
109 481
109 482
109 483
108 483
107 483
108 483
107 484
106 484
106 483
105 482
104 481
105 482
106 483
107 484
108 483
109 482
91 478
91 477
91 478
93 476
97 472
98 472
97 472
99 470
99 471
99 470
100 469
104 465
104 466
104 465
103 466
106 463
105 464
109 460
110 459
107 462
107 463
108 463
108 462
108 463
107 462
108 461
110 459
112 457
117 452
118 451
120 462
118 460
120 446
120 447
128 446
128 447
129 447
129 446
129 445
129 444
129 445
129 446
129 447
128 446
126 447
126 448
126 447
127 448
127 449
127 448
129 413
124 429
124 428
124 429
109 412
107 419
105 426
106 426
105 372
106 384
107 396
113 393
113 394
113 395
113 394
113 393
111 384
112 384
113 384
114 384
114 385
113 385
114 385
111 384
110 384
109 384
108 384
107 384
107 385
108 385
108 386
108 387
107 387
108 386
107 386
108 386
107 385
111 384
109 375
110 377
109 377
109 378
108 379
107 379
108 379
109 378
110 377
114 383
116 377
117 374
117 375
117 374
115 387
114 387
115 387
116 389
117 391
128 348
129 348
129 349
129 350
129 349
128 348
128 347
127 347
127 348
127 347
128 348
125 380
130 344
131 344
130 374
131 376
131 377
131 376
130 376
131 376
132 378
133 380
134 382
134 381
135 381
136 381
135 381
134 382
135 382
134 382
135 384
136 386
135 368
135 367
134 367
134 368
134 367
132 365
133 366
132 366
133 366
133 367
133 368
133 367
132 367
132 368
132 367
133 366
134 351
134 352
135 352
135 353
135 354
134 354
134 355
135 356
134 354
135 352
134 351
135 336
134 336
135 368
142 388
139 362
139 363
139 362
138 362
138 363
137 364
136 365
137 364
136 364
137 364
139 362
136 336
138 335
137 335
138 335
139 348
141 338
142 333
140 334
145 363
144 332
146 331
145 331
144 331
143 331
143 332
146 331
148 330
149 330
148 330
152 328
154 327
156 326
156 325
156 324
157 324
156 326
158 325
156 340
155 340
156 340
157 340
158 340
157 340
156 340
154 355
153 355
153 354
153 353
154 353
153 354
154 354
153 354
154 355
158 344
162 333
161 333
161 334
162 333
160 343
159 348
160 348
159 348
159 347
169 348
170 311
174 300
168 317
173 312
174 311
175 310
172 330
181 335
183 345
184 350
181 360
182 348
183 336
176 344
177 357
178 357
177 357
178 370
176 313
177 317
178 321
179 319
183 311
192 350
192 349
192 350
191 350
190 348
188 344
187 342
188 347
189 352
188 352
189 352
188 353
187 353
188 353
189 352
186 355
185 356
185 357
185 356
184 357
184 356
184 355
184 356
185 356
184 316
187 325
188 325
187 325
192 318
191 318
192 289
191 336
190 336
189 336
190 336
191 336
191 335
190 335
191 318
182 325
183 317
176 300
187 314
186 308
184 296
184 297
184 296
186 295
188 294
188 295
188 296
187 296
188 294
186 299
184 304
181 302
182 298
183 294
182 294
181 294
182 294
183 294
178 300
175 298
175 299
175 300
175 299
175 298
179 326
180 333
170 316
171 343
170 343
170 344
171 344
172 344
171 344
170 344
170 345
171 345
172 345
171 345
172 346
171 345
170 344
171 343
168 352
169 352
170 352
171 352
170 352
169 352
168 352
167 352
168 361
158 360
163 367
164 367
164 368
163 367
163 368
163 367
153 375
156 377
159 379
158 382
157 382
156 382
156 383
156 384
155 384
156 383
158 382
153 363
156 368
157 368
158 368
157 368
156 368
162 378
162 377
161 377
160 377
161 377
161 378
160 378
160 379
160 378
161 377
160 376
161 377
162 378
163 388
164 398
153 395
154 395
153 410
154 410
153 410
155 408
155 407
155 408
158 416
157 406
158 406
157 406
158 405
158 404
157 404
158 387
159 389
164 399
163 400
164 400
163 400
165 406
166 409
167 412
166 412
165 412
166 412
166 411
167 411
166 411
167 412
168 415
167 415
168 415
169 418
167 423
167 422
167 423
165 428
166 428
165 428
172 427
165 444
175 438
181 453
181 452
181 453
183 458
182 433
188 430
190 429
192 428
192 429
191 429
191 430
192 430
191 429
189 430
187 431
185 432
184 432
185 432
185 431
185 432
183 433
181 434
192 463
184 478
185 478
184 478
192 473
190 462
190 461
190 460
191 460
192 458
191 460
191 459
191 458
191 457
192 457
191 460
191 461
192 461
191 460
190 462
186 440
183 454
178 425
177 425
177 426
176 427
176 428
176 427
177 426
177 427
177 426
178 425
181 450
180 450
179 450
179 451
174 450
173 417
171 445
158 443
169 445
168 414
171 413
172 413
172 414
171 413
174 412
177 411
175 415
172 421
171 423
168 406
169 406
168 406
159 410
159 409
159 408
159 407
160 407
159 401
158 426
153 413
153 412
154 412
154 411
153 411
154 412
153 413
164 433
163 418
162 403
160 373
162 360
168 367
173 358
174 358
173 358
177 347
164 389
173 377
170 399
180 398
174 406
182 410
183 413
186 422
186 421
186 420
186 419
186 418
185 418
186 412
189 419
189 418
189 419
192 426
173 398
172 383
170 353
168 351
166 349
165 348
165 349
165 350
165 349
165 348
164 347
165 347
164 347
161 355
163 346
162 345
156 328
150 333
151 333
152 333
151 333
150 333
151 334
150 333
148 331
149 331
148 331
149 332
148 331
147 330
146 329
147 329
146 329
147 333
148 337
149 337
148 337
148 336
149 336
148 337
149 341
152 353
151 349
150 345
151 345
151 344
152 344
151 344
150 335
151 335
152 335
152 334
150 335
151 339
152 343
151 344
150 345
151 349
153 357
149 340
145 353
144 377
153 384
153 383
153 384
152 384
153 364
152 364
149 393
142 390
143 390
143 391
142 390
153 396
151 397
152 409
149 398
147 399
145 400
143 401
143 400
143 401
142 425
143 426
144 427
143 427
143 428
144 428
144 429
144 430
143 430
143 431
143 430
143 429
143 430
144 429
143 428
144 427
143 426
145 428
146 428
145 428
146 429
147 430
153 416
142 450
143 450
144 450
144 449
142 450
145 434
155 447
148 443
147 483
144 485
141 487
138 489
138 488
139 488
138 489
137 489
138 489
135 491
132 480
130 495
136 449
136 450
136 449
139 426
139 425
139 426
139 427
139 426
142 403
137 392
138 392
137 392
140 416
141 424
138 426
135 423
134 422
133 421
132 420
132 421
132 422
132 423
132 424
132 425
132 426
132 427
132 428
132 429
132 430
129 389
129 390
129 389
134 493
144 484
145 492
167 491
166 491
165 491
166 491
167 491
171 477
173 484
175 491
183 476
176 491
176 490
176 489
176 490
176 491
177 490
178 489
179 488
180 488
179 488
180 487
181 487
181 488
180 487
181 486
192 501
187 493
188 492
191 489
190 489
191 489
192 488
193 487
191 510
190 505
189 500
188 500
187 500
188 500
189 500
186 485
182 488
182 487
183 487
183 486
182 486
183 487
182 488
183 488
182 488
178 491
163 469
163 468
164 468
163 452
163 453
163 452
158 462
153 448
163 469
165 468
167 467
166 467
166 466
167 466
166 466
167 467
169 466
169 465
168 465
166 463
165 462
166 463
167 464
166 464
166 465
165 466
166 465
167 465
166 465
167 464
168 465
169 466
170 474
173 464
170 490
170 491
171 491
172 491
171 491
170 490
169 487
169 486
169 487
172 500
172 499
172 500
161 493
160 493
159 493
159 494
160 494
160 495
160 496
159 496
160 495
159 495
160 495
159 494
161 493
153 499
154 499
154 500
153 499
172 496
171 493
173 499
174 499
175 499
174 499
173 499
174 502
175 502
174 502
175 505
174 505
173 505
172 505
172 504
150 505
150 504
151 504
152 504
151 504
150 494
151 494
152 494
151 494
150 494
148 505
141 493
142 493
143 493
142 493
141 493
140 493
141 505
140 505
139 505
138 505
138 504
137 504
138 504
136 496
130 505
130 504
131 504
131 503
131 502
130 502
131 504
130 496
130 497
131 497
130 496
140 505
149 494
142 505
142 504
142 503
142 504
142 505
169 502
175 522
183 493
180 509
179 512
180 512
179 512
178 515
177 518
176 518
176 517
176 516
176 517
177 518
177 517
177 518
176 521
192 520
191 520
190 520
189 520
189 519
192 520
188 525
189 541
184 530
184 531
184 530
185 530
186 530
187 530
187 529
187 528
187 529
185 530
185 529
184 529
185 530
191 541
191 540
190 540
191 527
193 526
189 514
189 513
190 512
189 514
190 514
189 514
186 505
185 502
184 499
185 509
186 519
176 522
183 540
177 539
176 539
175 539
176 539
176 540
177 540
176 540
177 539
171 538
172 538
171 538
165 537
165 538
165 537
153 535
154 547
156 540
155 540
156 540
158 533
169 541
168 531
168 530
167 530
165 528
165 527
165 528
167 530
166 529
167 530
163 526
162 526
163 526
164 527
164 528
164 527
163 526
164 526
165 526
164 526
163 526
162 525
161 525
161 526
160 527
159 527
160 527
160 528
160 527
161 527
160 527
161 526
157 530
156 530
155 530
155 531
154 531
153 531
154 531
155 531
157 530
156 531
157 530
158 529
158 530
158 529
162 525
167 530
168 531
169 531
169 530
168 531
175 523
170 541
173 535
172 535
172 534
173 535
174 533
175 531
175 532
175 531
174 531
179 539
180 539
179 539
178 544
185 548
185 547
185 548
177 549
179 550
178 550
179 550
181 551
181 550
182 550
182 549
182 550
183 550
182 550
181 551
183 552
181 551
185 553
189 555
189 556
189 557
188 557
189 555
175 550
187 567
191 556
192 572
191 560
174 550
169 549
159 547
159 548
159 549
159 550
160 550
160 551
159 551
159 552
159 551
160 550
159 547
161 550
163 553
162 553
163 553
165 556
167 559
168 559
167 559
170 576
177 566
175 579
184 584
190 577
192 593
202 594
215 602
216 592
218 603
217 603
216 603
216 604
218 603
207 584
208 581
209 581
209 580
210 580
211 580
211 581
209 580
208 581
211 572
210 575
210 574
210 575
213 566
213 567
213 566
208 587
203 579
198 571
211 560
193 559
197 569
206 568
201 579
203 584
202 583
201 582
199 580
197 578
192 573
193 564
199 574
199 573
200 573
200 572
199 572
200 573
199 574
200 574
199 574
199 575
200 575
199 582
204 577
205 577
206 577
206 576
204 577
205 576
206 575
201 587
214 588
215 603
214 602
210 598
211 598
210 598
211 599
203 591
197 598
200 588
193 591
193 590
193 589
193 588
194 588
193 582
192 593
188 584
184 575
180 584
174 565
173 576
164 566
159 558
159 559
160 559
160 560
159 560
159 561
159 562
160 562
159 560
160 559
159 558
154 567
168 578
165 592
173 589
192 611
182 593
179 601
178 598
173 583
169 594
168 592
165 586
165 587
165 588
165 587
165 586
162 580
164 584
163 582
164 582
163 582
153 581
159 555
151 575
152 575
151 550
151 551
151 550
148 572
143 545
140 565
142 560
139 538
153 542
152 535
151 535
150 535
149 535
148 535
148 534
146 543
149 536
144 543
139 535
138 551
134 537
133 537
132 537
133 537
133 538
132 539
133 538
132 538
133 538
134 537
134 538
135 538
136 539
136 538
136 537
136 538
136 539
135 552
136 552
136 553
136 552
135 538
134 537
125 538
129 565
130 565
125 528
153 525
126 529
129 486
129 487
129 488
128 488
128 489
129 489
128 488
117 599
124 595
121 605
123 608
123 609
122 609
123 671
124 671
123 671
125 653
126 644
125 644
125 645
126 644
127 635
126 635
127 635
128 626
128 627
128 626
128 625
128 626
129 617
127 618
129 702
132 662
141 660
137 671
147 677
148 677
149 677
148 677
147 677
152 680
147 672
147 673
147 674
148 674
149 674
148 674
148 673
149 673
148 674
149 676
147 672
142 664
143 664
142 664
148 644
148 645
149 645
149 644
149 645
148 657
159 649
156 639
156 640
155 640
154 641
155 640
156 639
153 629
153 630
154 630
153 629
154 629
153 656
168 658
168 659
169 659
168 658
183 660
183 659
182 659
175 647
179 641
183 635
175 640
178 639
178 640
178 641
177 641
177 642
177 643
178 643
178 644
177 644
178 643
177 641
178 639
178 638
178 639
181 638
184 637
184 636
184 637
187 636
190 635
191 640
192 640
191 640
192 645
185 627
185 626
185 625
186 625
187 623
188 621
189 621
189 622
190 622
191 622
190 622
190 621
189 622
190 623
191 624
192 625
191 624
191 623
192 623
192 622
192 623
191 624
191 625
191 626
192 626
192 627
192 626
191 624
190 623
189 622
188 621
188 620
187 620
188 621
187 623
186 625
182 624
174 622
175 622
174 622
166 620
167 621
168 621
169 621
170 621
171 621
170 621
170 620
167 621
168 622
169 623
170 624
171 624
170 624
170 623
171 623
172 623
171 623
170 624
171 625
172 626
173 627
177 624
181 621
176 630
178 632
185 627
192 635
188 636
188 635
188 636
186 644
185 643
186 643
185 643
183 641
184 642
183 641
182 640
180 638
175 649
183 648
182 648
181 648
181 647
182 647
181 647
182 648
183 660
175 659
159 657
161 650
161 649
161 648
161 649
161 650
161 651
161 650
163 643
174 635
175 635
174 635
173 635
174 644
171 634
165 632
165 633
165 634
165 633
165 632
168 648
169 648
168 648
159 629
161 636
163 643
164 643
164 644
164 645
164 644
163 643
164 650
165 657
150 654
151 647
152 640
151 640
152 651
147 657
142 663
144 641
143 641
144 641
140 636
136 631
130 638
135 637
134 629
135 629
134 629
140 636
150 635
147 631
144 627
152 637
153 628
142 630
145 664
156 666
167 668
164 690
182 683
183 687
184 687
183 687
184 691
183 683
173 687
173 686
174 686
175 685
175 684
175 685
173 687
168 689
166 672
179 671
180 672
178 675
177 675
177 676
176 676
176 675
177 676
176 677
177 676
178 676
177 676
178 675
176 678
183 675
181 673
187 679
185 677
184 676
185 677
188 680
190 675
190 676
190 675
192 670
191 671
183 679
159 668
161 695
156 686
155 686
155 685
156 686
156 685
156 686
157 686
158 686
158 685
158 684
157 684
155 682
154 681
156 683
156 684
156 683
155 682
156 682
155 682
153 680
157 684
158 685
157 685
158 685
156 686
163 690
163 689
162 689
163 667
154 668
155 670
157 674
158 676
152 672
146 668
140 672
137 674
138 674
137 645
139 652
141 659
132 660
130 647
131 647
130 680
131 680
131 679
130 680
141 685
141 684
140 684
140 683
141 683
140 684
141 685
152 690
144 689
136 688
137 687
136 687
136 686
137 687
132 681
133 681
132 681
135 689
134 690
133 690
132 690
133 690
134 690
135 690
134 690
133 691
131 693
132 692
130 694
130 693
130 692
131 692
130 681
131 717
134 704
141 709
141 708
141 709
142 697
145 703
144 701
145 703
146 703
145 703
146 705
156 697
175 703
159 702
160 703
161 704
160 704
161 704
161 705
160 705
159 706
160 705
160 706
161 706
161 707
160 707
159 708
159 709
160 709
160 710
159 711
160 709
159 708
160 707
160 708
161 708
161 709
161 708
160 707
161 706
160 705
161 704
162 705
163 706
162 706
162 707
163 706
164 707
167 710
166 709
165 708
165 707
165 708
166 709
167 709
166 709
167 710
168 710
169 710
168 710
168 709
169 708
168 708
167 708
168 708
168 707
169 707
168 707
166 705
167 706
167 707
167 706
166 705
168 707
169 708
168 709
167 710
168 711
169 711
168 711
169 712
171 714
172 715
181 708
180 707
179 706
178 705
177 704
176 704
177 704
176 703
175 702
176 702
176 703
186 702
181 715
183 716
184 716
183 716
185 717
192 711
192 712
192 711
193 721
174 716
183 718
182 719
183 705
183 706
177 711
170 707
171 716
155 705
157 696
147 697
150 704
151 704
152 704
151 704
151 703
152 702
151 703
150 703
151 703
150 704
153 711
136 697
135 717
136 717
135 717
134 737
142 712
141 729
176 726
193 733
190 723
189 723
188 723
188 724
188 725
187 725
187 726
188 726
189 727
189 726
189 725
189 726
189 727
189 728
189 729
189 728
188 728
187 728
188 728
189 727
188 726
187 725
188 724
190 723
188 731
184 722
184 723
150 722
148 734
146 725
144 716
145 724
145 723
145 724
137 739
148 748
149 748
148 748
148 749
149 749
152 752
151 751
150 750
150 749
150 748
150 747
150 748
151 748
152 748
151 748
150 750
151 750
150 750
148 748
151 732
150 743
151 743
152 743
151 743
150 743
159 736
161 737
163 738
164 738
163 738
167 740
169 741
175 739
172 740
167 738
166 738
166 737
165 737
165 738
166 737
166 736
167 736
166 737
167 738
167 737
167 738
162 736
163 736
164 736
163 736
163 737
164 737
163 737
162 736
157 734
156 737
156 738
156 737
155 737
155 738
156 737
154 743
153 746
150 737
149 734
150 734
149 734
145 749
146 749
146 748
144 750
143 750
143 749
142 748
143 749
144 750
144 749
144 748
144 749
144 750
144 751
144 750
145 749
143 740
143 741
142 741
142 742
143 742
142 741
143 740
141 731
130 754
133 753
132 751
129 745
127 755
127 756
126 756
125 756
126 756
127 755
125 752
123 749
118 758
118 759
119 759
118 758
115 759
125 753
125 754
125 755
125 754
125 753
124 756
122 762
122 761
122 762
121 765
120 768
128 773
188 774
184 773
180 772
181 772
180 772
176 771
177 764
178 764
178 765
177 765
178 765
177 764
178 757
147 756
158 753
156 751
157 751
158 751
157 751
156 751
155 750
154 749
153 749
153 750
154 750
153 750
154 749
153 748
156 751
157 752
158 752
157 752
161 756
160 755
159 755
160 755
161 756
162 757
175 756
175 757
175 756
179 774
178 774
177 774
176 774
175 774
174 774
173 774
173 773
174 773
173 773
173 772
173 771
173 770
173 769
173 768
173 767
174 767
175 767
174 767
174 766
175 766
174 767
173 773
172 766
171 770
172 770
171 770
170 774
169 774
168 774
168 773
153 771
123 767
123 768
122 768
123 774
119 767
115 760
115 761
115 762
116 762
115 781
116 781
115 766
121 773
120 773
120 774
121 773
122 773
121 773
118 777
119 777
119 776
119 775
119 774
118 774
119 776
118 776
119 776
118 777
125 781
132 785
132 784
132 785
139 781
139 782
139 783
139 784
140 784
141 784
142 784
141 784
140 784
139 789
140 789
139 789
149 781
147 790
150 781
150 782
166 781
163 788
166 779
166 780
166 779
170 786
206 781
197 776
213 781
212 768
212 769
212 768
219 781
218 774
221 776
220 776
221 776
222 776
223 776
224 776
224 775
224 774
224 775
225 775
224 775
221 776
224 778
224 779
224 778
227 780
227 781
228 781
227 780
235 779
236 776
237 773
236 773
236 774
237 773
238 770
243 778
242 778
243 778
242 756
241 774
240 774
240 773
241 774
239 771
237 768
235 765
233 762
230 768
229 770
228 772
187 773
187 772
187 773
188 773
220 762
219 766
218 770
217 770
216 770
216 771
218 770
217 774
225 760
227 775
226 775
227 775
230 770
230 771
229 771
229 772
229 771
230 770
239 755
242 750
237 747
236 747
236 746
236 745
236 746
237 747
238 739
232 744
232 745
232 746
231 746
232 754
222 753
222 752
221 752
230 751
222 738
197 723
197 722
197 721
197 722
197 723
192 720
210 727
198 734
196 728
195 725
199 734
200 734
199 734
221 731
219 745
219 744
219 743
219 742
219 741
219 740
219 741
219 742
219 743
219 744
219 745
231 740
231 741
231 740
230 745
229 745
228 745
229 745
230 745
229 750
227 760
226 760
227 760
226 765
231 756
232 739
241 738
240 738
239 738
239 739
240 739
240 740
239 740
240 740
239 739
240 738
241 704
238 720
238 719
238 720
235 736
225 733
228 735
227 735
228 735
228 734
227 734
228 735
231 737
230 736
231 719
214 720
213 719
212 718
211 717
210 716
226 725
228 718
230 711
234 697
232 695
234 697
235 697
234 697
241 703
236 690
235 690
236 690
238 683
230 686
230 687
229 687
227 689
226 690
227 689
228 688
227 688
226 688
227 688
228 688
228 687
228 686
228 685
227 685
226 685
227 685
228 688
230 686
217 683
217 684
218 684
217 702
216 702
216 701
217 702
218 693
219 684
210 683
210 684
211 684
210 683
214 692
215 692
214 692
205 703
196 714
194 708
193 708
193 707
194 708
193 705
193 706
193 705
209 718
197 717
202 703
197 705
191 700
187 709
191 705
192 705
191 705
190 706
189 707
190 706
191 705
194 702
193 703
192 703
193 703
193 702
192 702
192 701
192 702
193 703
194 702
195 701
196 700
197 699
198 698
209 697
208 697
209 683
208 687
207 687
208 687
207 691
187 685
184 689
184 688
184 689
187 685
187 684
187 685
192 678
190 691
191 691
192 691
193 691
193 690
196 683
201 691
193 678
203 687
206 681
206 682
206 681
203 685
200 689
208 691
209 696
202 698
203 698
202 698
195 700
198 702
204 706
210 692
215 703
210 685
212 688
212 687
212 688
214 687
215 687
214 687
222 683
220 700
224 683
235 692
237 680
236 680
237 680
239 685
241 690
240 670
196 673
197 673
196 673
196 674
195 674
194 675
193 676
194 675
195 675
194 675
194 676
195 676
196 676
197 676
196 676
195 676
194 675
195 674
196 673
206 674
206 675
206 674
198 676
203 673
214 675
215 675
214 675
213 675
213 676
212 677
212 676
211 676
210 676
210 677
209 677
209 676
210 677
211 677
210 677
211 676
212 677
213 676
214 675
225 677
218 664
225 676
247 677
245 703
245 704
244 704
245 703
243 729
242 742
243 731
241 671
245 668
245 667
245 666
245 667
245 668
249 665
248 676
248 677
251 677
253 677
251 677
247 683
248 676
249 665
250 654
242 660
246 643
246 644
230 643
226 651
226 650
226 651
227 649
226 649
227 649
222 659
220 641
214 649
215 649
214 649
213 649
212 649
211 649
210 649
209 649
210 649
210 648
210 647
210 648
211 648
211 647
210 648
214 649
209 638
209 639
208 639
209 648
199 647
195 637
193 632
194 632
193 646
194 646
193 646
204 637
205 637
206 637
206 638
206 639
206 638
204 637
206 644
198 635
201 642
204 649
207 646
212 641
211 641
210 641
211 641
212 641
211 642
210 643
210 644
211 644
210 643
211 642
211 643
211 642
212 641
213 640
212 640
211 640
210 640
211 640
211 639
212 639
211 639
213 640
214 639
216 637
217 645
218 648
219 651
218 648
221 657
220 657
219 657
219 656
218 656
218 655
219 656
208 657
202 655
200 656
198 657
198 658
198 659
198 658
198 657
200 656
190 661
187 650
184 649
191 653
192 653
191 653
184 661
185 661
185 660
184 660
185 660
185 659
186 659
187 658
186 659
185 660
186 660
187 660
187 659
185 660
197 652
197 653
197 652
193 660
194 660
193 660
194 656
195 652
205 661
206 661
205 661
208 657
207 657
207 658
218 657
217 657
218 657
216 666
221 655
225 657
231 660
231 659
231 660
233 643
232 660
233 658
238 648
237 650
238 652
239 654
239 653
240 653
240 652
240 653
239 654
241 658
241 657
241 656
241 655
241 654
240 654
241 658
238 648
240 644
243 651
243 650
243 651
246 658
247 626
254 645
247 615
250 674
253 627
258 652
259 657
259 656
259 655
259 654
259 653
259 652
258 652
259 628
265 638
264 638
265 620
270 638
270 637
270 638
269 630
268 622
267 622
266 622
266 621
266 620
266 619
266 620
266 621
268 622
267 614
274 637
271 624
272 612
271 612
270 612
270 611
272 612
273 600
269 599
265 598
262 585
278 607
274 636
278 630
276 633
280 627
279 627
279 626
280 627
282 624
279 605
283 632
284 632
285 633
283 632
286 618
287 618
287 619
286 618
288 610
292 623
291 611
294 621
302 624
279 638
280 647
281 656
288 640
287 653
301 654
299 653
291 649
302 640
304 647
305 645
307 641
308 639
309 639
310 639
310 638
308 639
309 652
309 651
309 650
308 650
308 649
309 649
308 650
309 652
296 641
292 648
288 655
287 655
288 655
284 643
283 643
284 643
285 643
286 643
286 642
285 643
284 656
283 656
283 655
270 656
272 645
271 645
272 645
273 645
273 644
272 644
271 644
270 644
271 644
272 644
273 644
274 643
275 643
275 644
277 646
276 646
277 646
276 645
276 644
277 644
277 643
277 642
278 642
278 641
278 642
277 644
276 645
277 646
275 644
274 643
274 644
274 643
273 644
272 645
266 646
265 668
262 643
267 677
267 676
267 675
267 676
267 677
268 677
267 648
270 680
282 692
283 683
284 674
291 682
292 678
293 674
296 676
302 680
302 679
294 680
298 673
307 680
305 678
302 675
313 668
310 678
310 677
310 678
314 670
315 668
320 676
323 669
317 674
318 677
320 668
324 674
324 675
324 676
324 675
324 674
326 673
327 673
327 672
327 671
327 672
329 678
330 681
329 679
326 673
333 667
333 668
333 669
333 670
333 671
333 670
333 669
333 668
333 667
332 667
331 667
332 667
332 668
331 668
332 668
336 674
335 674
336 674
333 672
330 670
331 669
332 668
333 667
314 669
318 678
293 674
291 703
292 703
293 703
293 704
296 702
302 698
305 696
304 696
303 696
302 696
303 696
304 696
305 696
308 694
313 703
317 693
319 688
318 688
319 688
336 691
335 691
336 691
331 697
331 696
331 695
331 696
331 697
334 689
323 691
323 692
323 691
320 694
319 695
318 695
319 695
318 696
327 694
328 704
343 706
336 690
355 692
342 695
343 699
351 705
355 708
355 709
355 708
348 719
347 715
346 716
347 716
346 716
345 717
344 718
342 720
339 723
336 726
336 725
336 724
336 723
336 724
336 725
336 726
335 726
336 726
337 726
337 727
336 726
335 727
339 728
343 717
347 730
351 731
351 730
350 730
351 731
362 730
341 731
342 730
341 730
340 730
341 730
342 730
349 723
348 723
348 722
349 722
348 722
365 719
373 732
374 722
389 723
388 724
389 723
385 727
384 727
383 727
382 727
383 727
383 728
382 728
383 728
385 727
386 727
385 727
377 725
377 726
377 727
377 728
376 728
377 735
377 734
377 735
374 738
372 740
371 741
370 742
370 741
370 740
370 741
370 742
369 743
358 736
359 736
358 754
357 755
359 737
381 745
384 736
384 737
384 736
380 740
379 741
378 741
379 741
378 742
395 748
395 747
394 747
395 748
385 739
377 745
377 744
376 744
377 723
375 736
372 731
371 731
372 731
369 726
369 727
369 728
368 728
367 728
366 728
367 728
368 728
366 732
368 728
369 726
368 726
367 726
366 726
366 725
369 726
369 725
369 724
347 725
346 717
344 726
345 726
344 715
387 695
384 697
381 699
380 699
380 698
380 697
381 697
380 698
381 699
375 703
367 700
366 709
366 708
366 709
363 711
363 710
363 711
363 712
364 712
362 710
362 709
363 709
362 710
363 711
366 703
360 708
359 707
359 708
359 707
358 706
358 707
358 706
357 705
357 706
356 706
356 707
356 706
357 715
357 714
358 714
359 715
358 714
357 705
343 702
361 697
317 703
328 695
310 685
312 684
313 684
313 685
314 686
313 685
312 684
314 683
353 682
354 677
355 672
362 694
362 693
363 693
361 682
362 694
349 679
354 663
356 662
358 661
362 659
356 676
359 660
358 660
359 660
354 661
354 662
354 661
349 662
349 661
349 662
348 672
347 672
348 672
339 664
339 665
339 666
339 665
338 665
338 666
338 665
339 664
337 667
337 668
337 667
337 666
337 667
344 672
345 669
347 663
352 661
351 661
352 680
327 682
328 682
329 682
328 682
328 681
328 680
327 680
328 681
327 682
316 684
317 697
312 693
311 693
312 693
312 692
311 692
310 691
313 694
312 693
306 700
307 689
308 689
309 689
309 688
308 688
308 687
308 686
308 687
309 688
309 687
309 686
309 685
308 685
308 684
309 684
309 683
308 683
309 684
308 685
309 688
307 689
306 689
307 689
302 685
305 698
298 694
299 694
298 704
294 694
295 708
299 707
299 708
298 708
299 707
303 706
295 709
314 736
327 740
319 741
319 742
319 741
324 758
323 764
322 770
336 769
347 783
354 775
373 781
371 774
370 774
371 774
386 767
386 768
386 767
367 760
365 753
368 760
377 763
380 764
383 765
389 767
377 781
389 780
401 779
413 778
406 753
407 767
410 763
409 763
410 763
413 759
412 724
418 711
420 717
421 720
420 720
421 720
418 695
418 696
418 695
416 733
415 752
414 752
415 752
414 771
422 768
423 788
420 745
418 774
419 774
418 774
415 791
408 792
413 779
407 792
407 791
407 792
369 788
362 790
419 785
415 757
415 758
414 758
415 757
414 757
415 757
414 750
417 721
408 708
413 637
413 638
413 639
413 638
413 637
402 640
401 640
402 640
380 646
381 638
382 638
382 639
382 640
382 639
381 638
380 638
379 638
379 639
383 637
381 638
380 646
394 651
391 662
390 662
391 662
390 657
389 652
389 653
389 652
384 666
379 654
378 662
378 663
378 662
386 666
385 652
383 662
397 665
397 664
397 665
386 661
386 660
386 661
388 650
387 650
386 650
387 650
388 650
390 639
409 637
408 637
409 637
423 652
416 655
417 654
418 654
417 654
416 655
421 633
420 648
424 644
425 643
424 644
423 645
423 644
423 643
423 644
423 645
426 642
427 641
430 645
433 649
430 627
433 632
439 642
439 641
439 640
439 639
439 638
439 637
439 636
439 637
438 637
439 626
439 627
439 626
437 638
436 644
440 635
443 643
442 643
443 643
451 594
449 617
445 613
445 612
445 613
445 614
445 615
445 614
445 613
444 612
443 611
442 610
443 611
442 611
443 611
440 608
440 607
440 608
440 609
440 610
440 609
440 608
441 609
438 617
439 607
439 606
439 607
436 604
436 603
436 604
435 603
435 604
434 604
433 604
434 604
435 618
434 618
435 608
432 611
431 611
432 611
429 614
428 614
429 614
423 610
422 612
421 612
422 612
418 620
417 622
418 622
417 622
416 622
415 622
414 622
414 621
414 620
414 621
417 622
416 624
415 626
414 626
415 626
408 615
405 630
401 621
400 632
399 632
398 632
397 632
397 631
396 631
395 631
394 631
395 631
396 631
397 631
392 627
387 623
389 632
388 632
387 632
386 632
385 632
384 632
383 632
382 632
382 631
382 630
382 629
382 630
382 631
383 631
382 631
374 632
375 632
375 631
374 632
363 620
366 637
366 636
365 636
364 636
363 636
364 636
365 636
366 654
363 629
364 629
365 629
365 628
366 639
366 638
366 639
373 629
369 654
368 654
367 654
368 654
369 654
369 655
368 655
367 655
368 655
365 658
364 659
363 659
364 659
365 658
363 660
363 661
363 660
366 665
369 670
368 670
367 670
367 671
366 671
367 671
368 670
369 654
375 635
373 659
372 671
374 626
377 667
376 667
377 667
376 627
389 632
394 622
395 625
397 631
402 622
409 621
413 618
413 617
413 618
412 618
412 619
413 618
420 623
419 623
419 622
420 623
425 609
424 614
424 613
424 612
424 613
424 614
423 619
424 619
423 619
426 609
430 618
429 618
428 618
428 617
429 617
428 617
430 618
429 604
439 603
439 604
439 605
439 604
439 603
438 610
437 617
445 596
444 616
451 615
452 638
454 630
455 630
455 631
456 631
456 630
455 631
454 630
455 626
456 626
455 626
454 626
454 627
455 626
452 603
459 597
458 614
458 615
458 616
459 616
460 616
461 616
460 616
459 616
459 615
459 614
459 613
459 614
459 615
460 615
461 615
460 615
461 614
460 606
459 598
460 615
459 616
461 620
460 618
461 618
460 618
457 637
458 614
452 594
452 595
452 594
461 597
460 584
460 583
460 584
464 579
465 586
468 607
474 582
476 591
470 602
478 600
477 600
470 589
472 582
472 583
472 584
472 583
472 582
474 575
476 568
478 561
471 569
483 550
485 543
490 569
493 515
492 560
493 544
497 553
496 553
495 553
496 553
496 554
495 554
496 554
495 555
495 556
496 556
496 557
495 557
496 556
495 555
496 554
497 553
502 546
496 535
504 526
506 506
506 505
506 506
507 496
508 486
510 492
514 504
515 504
514 504
516 510
517 513
517 514
517 513
518 516
518 517
518 518
518 517
518 516
517 525
516 534
517 534
516 510
515 507
516 507
517 507
518 507
518 508
518 509
518 508
515 507
515 506
516 506
517 505
518 505
517 505
516 506
517 506
518 506
517 506
516 506
515 507
510 558
510 557
517 535
513 554
518 556
523 558
522 558
522 559
522 560
522 559
522 558
523 531
524 531
525 531
524 531
523 531
524 529
525 529
524 529
523 529
522 529
523 529
524 529
525 527
528 521
526 525
530 517
527 543
528 546
519 500
525 553
523 547
522 547
522 546
522 545
522 546
523 547
522 544
520 538
519 565
519 566
519 565
516 561
513 557
519 573
510 578
507 550
508 550
508 549
509 548
509 547
509 548
508 549
507 550
508 587
506 591
503 560
499 575
498 584
499 584
500 584
500 585
501 577
500 577
501 577
498 584
497 593
496 602
504 592
497 598
495 590
494 590
494 589
493 588
495 575
494 589
493 589
492 589
493 589
494 589
495 590
491 605
498 566
500 565
501 565
501 564
500 564
501 564
500 565
507 589
508 561
510 560
512 559
514 578
510 501
519 503
517 500
515 497
513 494
513 493
513 492
513 493
514 493
515 493
515 491
514 493
513 494
511 491
507 485
507 484
507 485
509 508
508 508
508 509
502 508
505 482
505 481
505 482
506 482
507 482
507 483
505 482
503 479
499 542
497 508
496 508
495 508
495 509
495 510
495 509
497 508
495 474
494 457
493 457
492 457
492 458
494 457
495 457
494 457
493 440
492 440
493 440
502 483
502 482
502 481
502 480
502 481
502 482
502 483
500 488
498 493
492 486
494 492
496 498
494 503
493 503
494 503
492 508
494 495
493 495
494 495
502 526
495 525
495 526
495 525
498 535
494 544
491 513
492 549
482 544
485 561
479 556
486 574
478 573
480 576
479 576
479 575
479 574
479 575
480 576
482 579
480 584
479 584
480 584
478 589
480 588
481 588
480 588
486 585
485 589
485 590
486 590
485 589
484 593
485 593
485 592
484 593
483 597
484 597
483 597
481 605
482 605
481 605
480 609
479 613
482 610
483 609
484 608
483 609
488 604
487 604
488 604
490 602
491 601
492 579
489 613
484 600
485 615
485 614
485 615
478 614
478 613
478 614
479 614
486 591
486 592
486 591
479 594
480 564
478 555
469 565
471 580
478 578
473 592
470 586
469 584
470 584
470 585
469 584
468 582
467 580
466 578
466 579
467 579
468 579
469 579
470 579
470 580
467 579
466 607
473 602
477 619
478 619
478 618
477 618
478 618
477 619
477 620
476 620
477 619
475 620
473 621
474 621
474 622
473 621
471 622
467 624
467 625
467 626
467 625
467 624
466 624
466 625
466 626
466 625
467 624
469 623
471 622
473 621
474 601
475 601
476 601
476 600
474 601
478 610
468 606
468 607
469 607
468 617
469 617
468 617
468 618
467 618
466 619
467 618
468 617
462 610
463 615
463 616
463 617
463 616
463 615
465 625
463 626
463 627
463 628
463 627
463 626
462 617
462 616
462 617
458 581
459 581
458 581
456 634
445 642
449 633
449 632
449 633
447 634
447 633
446 633
446 634
446 635
446 634
446 633
446 632
446 633
447 634
451 632
450 632
451 632
450 622
445 623
445 622
445 623
440 624
445 635
444 635
444 634
443 633
442 632
441 632
441 633
440 634
441 633
440 633
440 632
439 632
440 632
439 631
440 632
441 633
442 632
443 633
444 634
445 635
439 644
437 647
437 646
437 647
435 640
433 641
431 642
423 633
427 644
426 644
427 644
421 647
421 646
421 645
420 645
421 633
414 635
409 653
408 653
408 652
409 653
407 710
406 679
395 685
394 685
395 685
395 684
394 684
393 684
394 684
394 683
394 682
394 683
394 684
395 685
384 691
383 691
382 691
382 690
384 691
382 680
375 693
375 692
374 692
375 684
372 691
366 687
363 685
364 685
363 694
364 694
368 691
367 691
368 691
376 685
380 692
384 679
370 677
363 676
363 677
363 676
380 677
380 678
380 677
389 691
397 678
396 678
397 678
400 688
399 688
398 688
398 687
397 687
398 687
398 686
398 687
400 688
401 682
401 681
400 681
401 682
402 676
403 670
404 664
393 647
394 661
396 646
399 650
400 666
405 658
407 646
411 779
380 781
377 772
375 781
374 781
375 781
375 780
374 780
375 773
373 781
350 774
352 777
350 792
351 792
350 792
350 791
362 792
362 791
362 792
349 783
349 784
348 784
349 792
349 791
349 790
349 791
349 792
343 784
343 785
342 785
343 791
337 790
344 775
327 774
326 770
325 766
324 762
323 779
324 743
325 743
324 743
323 750
323 751
323 750
323 749
322 749
323 750
322 757
323 757
324 757
323 757
322 757
321 764
316 750
320 771
320 770
321 770
321 769
321 768
321 767
321 768
321 769
321 770
320 771
319 778
320 778
319 778
336 791
333 790
327 779
327 780
328 780
327 788
325 779
324 779
325 779
321 786
318 785
320 762
319 762
320 762
319 733
317 736
315 739
313 742
314 724
314 725
314 726
315 726
314 724
308 726
309 734
305 727
304 709
301 722
297 712
297 711
297 710
298 710
298 709
297 709
298 710
298 711
298 710
297 712
290 675
283 674
284 674
283 695
280 684
277 673
276 673
276 672
277 673
274 662
303 661
310 649
311 651
315 659
320 655
321 655
321 654
320 655
320 656
319 656
318 657
319 656
320 655
319 655
320 655
317 648
317 649
318 649
317 648
330 647
329 647
330 655
330 654
330 655
314 656
315 646
311 659
310 659
310 658
311 659
312 649
293 666
288 657
287 657
288 657
284 663
283 663
284 663
286 660
284 663
282 666
278 663
274 660
273 683
271 658
282 654
281 637
280 637
279 637
280 637
281 637
304 631
303 620
303 622
304 622
303 632
306 630
309 628
309 627
308 627
308 628
308 627
309 628
312 632
311 632
310 632
311 632
312 632
310 647
311 647
310 647
315 636
314 636
315 636
321 644
320 644
319 638
320 638
319 638
315 614
315 615
314 615
314 614
314 613
314 614
314 615
315 614
314 608
313 602
310 584
310 585
310 584
313 594
316 604
317 568
316 567
317 568
316 581
315 594
314 607
313 620
318 623
323 626
322 626
322 627
323 626
321 553
318 632
330 643
330 642
329 642
329 641
330 641
329 642
330 643
327 599
327 598
328 598
329 598
330 598
330 599
329 599
329 600
330 600
330 601
329 601
330 601
329 600
330 599
328 598
329 597
330 597
329 597
328 598
327 599
324 555
325 554
326 553
329 550
329 551
329 550
330 549
330 550
331 550
330 549
331 548
329 552
328 554
327 554
328 554
327 556
328 546
314 551
314 550
314 551
321 536
322 536
323 536
323 535
321 536
327 534
327 533
327 534
328 534
328 535
328 536
328 537
328 536
328 535
327 534
328 539
329 544
330 533
329 533
329 532
330 533
336 531
336 532
336 533
336 532
336 531
335 531
334 531
335 531
336 655
337 623
343 652
360 638
359 638
359 639
359 638
360 558
354 601
364 619
432 582
461 547
460 547
461 547
411 598
394 606
360 613
360 614
360 615
359 615
360 622
359 622
360 622
359 618
358 614
358 615
358 616
358 617
358 618
357 618
356 618
357 618
357 619
356 619
357 618
358 654
359 654
358 654
353 623
354 623
354 624
355 625
354 624
354 625
354 626
355 626
355 627
354 627
355 626
354 624
353 624
353 625
354 624
353 623
355 612
354 572
349 582
347 571
340 574
346 563
337 568
339 554
340 547
341 540
342 553
349 542
347 539
347 540
347 539
347 538
348 538
349 538
349 539
348 539
349 539
348 538
349 537
347 539
343 533
341 530
350 565
351 565
350 565
351 547
350 547
351 547
352 547
352 548
353 548
353 547
354 546
356 544
354 546
355 545
355 544
355 543
355 544
354 544
355 545
354 546
353 547
352 548
351 547
352 529
362 530
361 548
369 535
368 535
367 535
366 535
366 536
369 535
363 541
364 541
363 530
360 549
360 550
360 551
361 551
361 552
361 551
361 550
361 549
361 550
361 551
360 549
358 531
349 529
351 527
352 526
353 526
353 527
353 528
353 527
352 526
353 525
354 524
355 523
355 522
355 521
356 521
356 520
356 521
355 523
356 522
357 521
358 520
359 519
360 519
359 519
360 518
362 516
361 516
362 516
349 531
351 563
351 562
351 563
337 554
338 530
337 570
346 567
346 568
346 567
348 576
348 575
349 575
348 567
352 577
354 582
352 607
350 632
352 649
348 640
346 651
344 632
345 632
344 632
349 593
348 593
349 593
340 594
350 587
350 588
350 587
349 586
349 585
349 584
349 585
349 586
338 589
339 576
338 575
349 607
339 614
342 600
341 600
342 600
343 603
346 612
347 615
349 621
349 622
349 623
349 622
349 621
345 613
344 611
349 637
349 636
349 637
340 653
340 652
340 653
341 628
339 641
337 654
334 655
333 530
328 542
326 533
325 533
326 533
325 541
321 539
321 540
321 539
319 538
318 538
319 538
315 536
314 536
315 536
317 537
317 538
317 537
314 545
311 553
310 540
307 548
304 556
301 544
301 545
301 546
302 546
302 545
302 546
301 559
300 559
301 559
300 557
299 555
298 553
297 551
295 547
293 567
251 570
262 595
247 563
249 590
250 567
265 575
291 568
294 548
294 549
294 550
294 551
294 552
293 552
294 561
288 548
280 563
279 563
280 563
266 554
266 555
267 555
266 565
267 565
268 565
269 565
270 565
271 565
272 565
271 565
270 565
269 565
268 565
267 565
266 565
262 556
258 547
259 563
256 541
257 558
247 556
248 546
247 546
248 546
249 548
254 558
254 557
254 556
254 557
254 558
253 558
254 538
253 539
253 538
252 538
251 538
252 538
251 537
253 539
252 540
250 542
248 544
247 544
247 543
247 542
247 543
248 544
247 545
250 537
249 526
248 515
247 515
248 515
247 504
246 536
245 575
244 566
244 565
245 565
245 564
244 564
245 565
244 566
241 539
240 539
241 539
233 548
239 529
210 526
234 531
220 565
223 534
192 540
193 522
199 539
200 539
199 539
199 538
200 538
199 524
200 524
201 524
202 524
201 524
200 524
199 524
204 526
205 526
206 526
205 526
204 526
209 528
201 526
204 540
211 538
211 539
211 538
218 536
225 534
224 534
225 534
221 581
222 581
222 580
221 581
225 579
224 560
229 577
227 578
226 578
227 578
227 579
226 579
227 578
226 570
239 572
241 571
240 571
241 571
232 570
235 587
226 582
230 609
228 598
241 608
243 601
242 601
243 601
246 617
246 616
246 615
246 614
246 613
246 614
246 615
246 616
246 617
245 617
239 603
233 589
234 589
235 589
234 589
233 589
240 590
247 591
246 578
246 579
245 579
238 595
231 611
233 612
237 614
237 613
237 614
239 615
240 615
240 616
239 615
243 617
236 619
241 627
241 626
240 626
241 627
240 628
239 629
239 630
239 629
238 630
237 631
236 632
246 635
245 635
245 636
244 637
245 636
246 635
246 634
245 634
246 618
245 618
246 618
243 625
242 625
241 625
242 625
243 625
240 632
238 631
236 630
236 629
236 628
236 629
236 630
237 630
236 607
235 612
234 617
231 632
230 632
229 632
228 632
228 631
228 630
228 629
227 629
226 627
227 629
226 629
226 630
227 629
227 630
227 631
226 631
227 629
228 631
223 632
224 627
224 628
224 627
225 627
225 626
225 625
225 624
225 625
225 626
224 627
225 622
224 622
225 622
216 629
211 612
206 620
193 603
194 605
193 605
194 605
195 607
196 607
196 606
197 606
196 606
195 606
195 605
196 605
195 605
196 606
195 607
196 609
202 604
198 613
197 613
198 613
199 615
214 611
215 625
205 627
204 627
204 626
193 627
198 625
203 623
204 625
205 625
206 625
205 625
204 625
204 624
205 624
206 624
205 624
204 625
214 632
215 620
222 630
226 615
223 632
224 632
225 632
226 632
227 632
228 632
229 632
229 631
227 618
235 632
232 600
226 536
229 535
232 534
235 533
234 536
233 539
234 539
233 539
232 542
231 541
230 541
231 541
232 542
233 543
234 544
232 533
231 533
232 533
230 522
243 517
241 519
238 522
240 520
241 519
240 519
241 519
236 524
235 525
234 518
234 519
234 518
234 517
235 517
235 516
235 515
235 514
235 515
235 516
235 517
235 518
235 519
235 518
235 517
234 518
233 511
238 514
235 504
223 505
204 506
208 496
203 499
198 502
193 505
193 504
193 505
194 505
197 497
231 511
237 502
226 497
237 498
237 499
237 498
236 496
236 495
236 496
210 501
235 494
235 495
235 494
234 492
233 492
232 492
233 492
234 492
233 490
232 488
231 488
232 488
231 486
230 484
220 490
220 489
220 490
221 490
220 464
219 462
218 462
219 462
218 460
216 456
215 454
197 465
198 465
198 466
197 466
197 467
198 467
197 467
198 466
199 475
200 484
199 484
199 483
200 484
199 461
206 465
201 486
207 489
209 490
206 486
205 486
204 486
204 487
205 487
206 487
205 487
204 487
204 488
204 489
204 490
204 491
203 491
204 487
206 486
203 482
204 482
203 482
193 495
193 494
194 494
194 493
194 494
194 495
194 494
193 459
194 459
193 486
194 486
193 486
202 493
202 492
201 492
202 472
206 461
197 452
198 452
199 452
198 452
197 452
196 451
197 451
196 451
194 449
193 448
194 449
194 448
195 447
196 447
195 447
194 449
200 455
199 454
198 454
198 455
199 454
200 454
201 454
202 454
201 454
200 454
199 454
200 455
204 459
204 458
204 459
207 462
208 463
219 447
225 454
224 454
220 447
220 446
220 445
220 446
220 447
216 440
225 441
214 450
210 437
218 466
211 491
218 483
215 491
230 490
229 477
228 464
230 470
235 485
233 473
232 467
231 467
232 467
231 452
242 440
246 451
246 450
245 450
245 451
245 450
246 443
225 440
232 441
231 441
232 441
239 442
233 465
226 446
236 494
238 469
240 479
240 478
240 477
240 476
241 476
240 466
241 466
240 466
244 471
248 476
248 477
247 477
247 478
247 479
247 480
247 479
247 478
247 477
248 476
244 502
244 503
244 504
245 504
244 502
246 513
247 437
252 449
253 468
252 468
251 468
252 468
253 468
250 439
261 423
259 433
258 438
259 433
258 433
259 433
257 443
257 442
257 443
257 444
257 443
256 448
255 448
254 448
255 448
256 448
255 453
253 463
262 473
261 473
254 449
259 448
259 449
258 449
258 450
258 451
259 451
262 457
262 456
262 457
259 451
258 449
259 448
261 442
262 439
264 456
264 455
264 454
264 453
264 452
264 451
263 451
264 447
265 434
262 450
269 446
262 421
270 446
273 439
272 439
271 439
270 439
271 439
272 439
272 438
271 438
272 438
271 437
270 436
270 437
270 438
270 437
270 436
273 425
272 438
273 439
276 432
279 425
278 425
279 425
283 435
282 418
282 417
281 417
281 416
282 416
282 415
282 416
281 417
282 418
285 411
284 422
283 422
283 423
284 422
283 433
283 432
284 432
284 431
283 431
284 432
283 433
287 420
294 432
297 439
289 452
281 465
283 487
286 489
290 464
291 470
292 476
293 482
298 479
297 479
298 479
303 476
302 455
295 495
298 497
297 497
296 497
295 497
296 497
297 497
298 497
295 486
292 475
291 497
292 497
293 497
293 496
293 495
294 495
293 496
291 497
263 471
279 486
283 473
279 488
280 488
281 488
282 488
283 488
284 488
285 488
286 488
287 448
288 450
289 452
289 451
289 452
293 460
293 461
293 460
294 462
294 461
294 460
294 461
294 462
295 464
294 464
295 464
289 445
291 443
290 443
291 443
292 442
292 443
293 443
292 442
293 441
294 440
296 438
298 436
301 423
304 425
303 425
302 425
303 425
304 425
303 436
306 433
309 430
308 431
309 431
309 432
310 433
309 432
309 433
309 434
308 434
309 432
308 432
308 433
309 432
308 431
309 430
310 429
303 441
310 438
305 459
304 459
303 459
302 459
303 459
303 460
303 461
303 460
305 459
305 458
305 457
305 456
305 455
305 454
304 454
305 424
299 444
296 454
298 427
287 434
289 415
288 415
287 415
288 415
289 415
286 411
288 409
288 410
288 409
293 404
294 403
295 418
295 417
296 417
295 402
302 399
301 399
302 410
309 399
308 401
311 395
312 393
311 393
312 393
313 391
312 391
313 391
313 390
313 389
313 390
313 391
312 393
313 395
314 397
315 399
314 399
315 399
316 401
315 401
314 401
315 401
316 401
314 389
320 377
319 379
319 378
319 379
319 380
318 380
318 379
318 380
319 379
318 381
322 394
328 389
327 384
324 369
332 387
330 358
329 358
328 358
328 359
328 360
328 361
328 362
328 361
328 360
328 359
327 359
327 358
328 359
330 358
327 392
327 391
327 392
324 394
319 388
318 398
317 378
316 378
315 378
316 378
317 378
310 389
309 388
308 387
307 386
306 386
307 386
306 385
305 384
304 383
305 383
304 383
288 406
287 397
286 399
285 401
284 403
283 403
284 403
283 405
282 407
276 408
275 412
274 416
270 409
267 426
267 425
269 410
268 410
269 410
265 413
265 414
264 414
263 414
264 414
263 415
264 414
265 413
261 416
257 419
256 413
255 413
256 413
255 407
254 401
255 405
254 405
255 405
257 413
259 421
251 426
249 409
247 392
252 428
248 422
246 419
244 416
243 435
246 389
246 390
245 390
246 389
242 399
242 400
242 399
240 404
238 409
239 414
240 414
241 414
241 415
239 414
240 419
241 424
238 418
236 414
237 418
238 422
239 426
239 427
239 428
240 428
240 429
239 429
240 428
240 427
241 427
240 428
239 426
241 434
236 420
236 421
235 421
236 432
230 434
227 435
226 424
227 429
226 429
227 429
228 434
214 433
216 416
219 435
225 424
225 423
224 423
225 424
222 409
221 404
220 404
221 404
220 399
218 389
217 384
220 416
211 392
208 407
207 412
206 417
199 435
192 418
193 418
192 431
209 443
206 430
187 452
190 443
191 440
201 441
200 441
199 440
199 439
199 440
201 441
202 437
203 433
205 425
206 425
206 424
205 424
205 423
206 423
205 423
206 424
205 425
207 417
214 389
215 389
214 389
215 430
219 387
221 393
222 396
221 428
229 432
231 421
233 434
235 435
236 438
237 380
250 384
250 383
231 384
233 389
235 394
225 401
225 400
225 401
235 398
234 398
235 419
231 408
226 418
234 412
230 403
229 406
228 409
227 412
226 415
233 402
231 382
226 389
227 383
226 383
227 383
228 377
227 377
228 377
220 384
216 370
217 370
218 370
217 370
216 370
217 373
218 376
219 379
216 372
236 375
234 372
227 370
220 368
217 355
216 355
216 354
217 354
217 353
216 353
216 352
216 351
216 352
217 353
216 354
217 355
214 342
211 345
210 346
209 347
210 347
210 348
210 349
210 348
210 347
209 316
209 317
209 316
214 328
215 328
214 328
215 355
207 356
208 338
209 338
208 338
204 331
205 343
202 348
199 329
198 329
197 329
197 328
199 329
199 328
199 327
199 328
200 328
200 327
200 328
199 329
193 291
194 291
194 290
209 291
198 299
198 298
198 299
194 287
193 287
193 286
194 287
195 287
194 287
193 284
192 284
193 284
193 285
194 285
193 284
192 281
192 282
192 281
193 281
192 326
199 311
201 321
202 321
203 321
202 321
201 321
196 343
210 361
209 373
206 356
191 354
193 344
195 334
202 365
203 365
202 365
203 366
204 356
205 346
206 346
205 346
207 326
208 316
212 358
214 379
216 343
217 343
216 343
216 344
217 344
216 368
216 367
216 368
225 353
218 337
225 332
232 327
246 336
245 336
246 336
229 333
228 328
227 328
228 328
226 318
227 318
228 317
230 326
231 326
230 326
228 319
238 322
236 323
236 322
236 321
236 322
236 323
236 324
236 325
235 325
236 323
240 321
244 319
246 318
245 318
244 318
245 318
245 319
238 322
231 325
229 318
222 333
219 314
218 319
216 329
217 329
216 329
220 322
224 315
225 315
224 315
224 316
225 316
224 315
232 301
210 298
211 294
212 290
214 289
212 290
210 298
219 296
226 302
226 301
226 302
227 293
226 293
227 293
227 294
227 295
226 295
226 296
226 295
227 293
245 306
246 306
245 306
246 298
245 299
246 316
245 316
246 316
243 301
244 300
244 301
244 300
243 301
239 305
240 304
241 303
240 303
241 303
240 304
239 305
239 306
240 306
239 305
238 306
237 307
236 307
237 307
239 310
240 310
240 309
241 308
241 307
241 308
240 308
241 308
240 309
239 310
241 313
240 312
238 310
236 308
236 309
237 309
237 310
236 310
237 309
236 308
237 307
238 307
237 307
238 306
231 296
235 309
234 310
235 310
234 310
231 313
230 302
230 303
230 304
230 305
230 306
230 307
230 308
229 308
228 308
229 308
229 309
228 309
229 308
230 314
220 313
216 339
233 335
234 342
231 344
230 344
229 344
230 344
230 343
230 342
230 341
229 341
230 343
229 343
230 343
231 344
231 345
230 345
229 345
230 345
231 344
225 348
236 345
235 345
236 356
236 355
235 355
236 337
237 338
237 337
237 338
238 339
237 339
236 339
237 339
238 339
237 356
238 356
237 356
241 351
240 351
240 350
241 350
241 349
241 348
241 349
240 349
240 348
240 347
241 347
241 346
240 346
240 345
241 345
240 346
241 347
240 348
241 349
240 350
241 351
245 346
246 347
245 346
245 345
245 344
245 343
246 343
246 344
246 345
246 344
246 343
245 346
244 345
242 343
243 344
243 343
244 343
245 342
246 342
245 342
246 341
245 342
244 343
243 344
244 345
241 356
249 350
248 349
247 348
247 349
247 348
248 337
249 326
247 355
248 355
247 355
269 360
268 360
267 360
266 360
267 360
268 360
269 332
269 331
269 330
268 330
268 331
267 331
266 331
267 331
268 330
267 328
266 328
267 328
267 327
266 327
267 328
268 322
267 322
268 322
269 316
262 318
265 324
266 326
264 339
262 352
265 324
264 322
263 322
264 322
265 324
263 320
262 320
263 320
269 332
268 332
267 332
268 332
269 332
274 325
275 327
274 327
275 327
277 331
276 329
276 328
277 328
278 327
278 328
278 327
277 328
276 329
277 331
276 331
277 331
273 323
272 323
271 323
270 323
270 322
273 323
271 319
270 319
271 319
270 317
270 318
270 317
279 318
280 319
279 319
280 319
281 320
282 321
279 333
286 325
287 326
284 311
302 330
302 329
302 328
301 328
301 329
301 328
302 308
295 316
295 315
295 316
295 317
294 317
295 316
297 325
293 310
288 324
287 320
286 320
287 320
285 312
281 332
282 314
275 322
274 322
275 322
270 315
270 316
270 315
274 361
273 344
274 358
275 358
274 358
276 344
276 345
276 344
281 358
282 357
285 354
284 354
284 353
285 354
286 353
289 350
290 349
291 348
292 347
287 339
301 332
303 345
310 293
308 306
307 293
306 293
307 293
298 294
298 293
298 294
299 297
298 297
299 297
301 303
301 302
301 301
301 300
302 300
302 299
302 300
302 301
302 300
301 303
298 301
289 295
288 295
287 295
288 295
289 295
286 309
285 309
284 308
283 308
284 308
280 301
278 305
279 303
276 309
277 305
278 301
279 297
275 310
274 310
273 310
273 309
262 310
264 304
263 304
263 305
264 304
265 301
266 301
265 301
265 302
265 303
265 302
265 301
264 300
258 310
259 310
258 298
259 298
260 298
261 298
260 298
259 298
258 298
250 319
247 299
253 330
261 317
261 318
261 319
260 319
260 318
260 317
260 316
260 317
260 318
260 319
261 353
261 352
260 352
259 352
259 351
254 332
253 352
253 351
253 352
254 315
252 334
250 353
251 353
250 300
252 305
254 310
255 302
254 302
254 303
253 303
254 303
255 302
260 304
261 304
261 303
261 302
261 301
262 301
262 300
261 300
262 301
261 303
260 303
260 302
260 301
260 300
260 301
260 302
261 303
260 304
268 308
267 308
266 308
266 309
268 308
266 307
267 304
266 304
267 304
269 298
268 308
272 310
273 298
270 308
270 309
270 308
275 310
274 298
275 298
274 298
281 309
282 308
279 295
284 304
288 293
287 293
288 302
287 302
286 302
287 302
288 302
286 304
292 298
287 303
286 303
287 303
288 302
289 301
294 296
293 297
294 296
295 295
294 295
294 294
294 293
295 293
294 294
295 294
294 294
295 295
296 294
297 293
296 293
297 305
300 291
305 302
304 302
303 302
302 302
302 303
305 302
305 301
305 300
305 299
304 299
304 300
303 300
304 299
305 288
313 293
312 293
313 293
316 285
316 286
316 287
315 287
314 287
315 287
316 293
315 293
314 293
315 293
316 293
317 282
318 282
319 282
320 282
320 283
332 282
336 272
324 285
322 276
324 287
314 284
303 290
311 344
306 331
304 333
305 344
304 344
305 344
294 343
297 350
296 341
295 341
295 340
296 341
295 342
294 342
294 341
295 342
288 353
279 340
279 341
279 340
283 352
283 353
283 352
282 349
281 346
282 346
282 345
281 346
280 346
280 345
279 345
280 345
279 344
280 345
281 345
280 345
281 346
286 361
287 364
279 367
271 370
270 370
270 369
271 370
251 383
270 375
281 362
289 367
290 367
289 367
288 361
287 355
287 356
287 355
291 366
293 363
295 360
301 353
300 353
301 353
302 353
303 353
302 353
301 353
307 346
308 359
312 350
316 341
329 348
329 347
329 346
329 345
329 344
330 344
331 344
331 343
330 344
330 343
330 342
330 343
329 343
329 342
329 343
330 344
329 322
331 355
323 340
322 340
323 340
318 351
320 299
310 322
311 322
310 296
310 297
310 296
311 296
318 336
310 339
316 301
315 301
315 302
314 302
315 302
316 301
322 306
322 305
322 304
322 303
322 302
322 301
323 301
323 302
323 303
323 304
323 305
323 304
323 303
323 302
323 301
323 300
323 301
322 306
318 331
319 329
319 330
319 329
322 323
323 321
322 321
323 321
326 315
325 317
324 319
324 320
325 320
327 322
325 320
324 319
325 317
326 315
325 315
324 315
325 315
326 315
328 311
328 312
328 311
329 303
329 302
330 302
330 303
330 304
330 303
330 302
330 301
330 300
330 301
329 301
330 302
329 303
329 304
329 305
329 306
330 306
329 303
330 295
328 300
324 310
334 316
335 316
336 316
335 316
335 315
334 316
335 303
336 290
331 384
334 382
334 381
334 382
337 380
340 378
343 386
343 385
342 385
341 385
342 385
343 365
343 366
344 366
343 382
356 392
356 391
355 391
355 390
355 389
355 390
355 391
355 392
355 393
355 392
355 391
356 383
355 385
354 385
354 384
355 385
354 387
353 389
352 391
352 390
352 391
353 375
344 389
343 373
345 372
349 361
355 367
350 353
359 372
359 373
359 374
360 374
360 373
360 372
360 373
360 374
359 372
362 352
362 353
362 354
362 353
361 353
359 367
360 367
360 368
359 367
359 366
360 366
361 365
362 365
362 366
361 366
361 367
361 368
362 368
362 369
362 370
362 369
361 369
361 370
361 371
362 371
362 372
362 371
361 369
362 368
362 367
362 368
361 367
362 366
361 365
362 364
360 366
359 367
358 374
357 381
356 381
357 381
355 395
362 398
361 398
362 398
358 373
351 370
350 370
350 369
351 370
351 371
351 372
351 371
351 370
344 367
349 351
349 352
349 351
341 360
340 347
337 362
338 361
339 360
338 360
337 360
337 361
339 360
340 359
341 281
344 291
349 284
348 284
349 320
348 320
349 320
340 307
341 307
348 321
340 330
343 320
342 320
343 320
349 329
353 335
354 334
355 333
356 332
358 330
357 331
358 330
360 328
360 329
359 329
360 339
359 340
360 341
361 341
362 341
361 341
360 341
359 340
357 342
356 342
357 342
356 343
360 347
359 346
359 347
359 346
358 345
362 349
362 348
362 347
361 347
361 346
361 347
362 349
357 342
359 340
360 339
359 327
366 333
362 334
360 321
358 327
356 333
356 334
356 333
355 336
356 336
356 335
356 336
356 337
356 336
355 322
351 334
350 337
348 322
349 339
348 339
349 339
341 341
348 342
355 343
349 342
343 341
344 322
345 303
344 299
343 295
349 276
343 285
345 280
346 280
345 280
344 280
343 280
344 280
344 279
343 279
344 279
345 280
347 275
340 279
340 278
340 277
340 278
340 279
337 273
338 275
337 275
338 275
339 279
339 280
339 281
339 282
338 282
338 283
339 284
338 282
339 279
338 279
337 279
338 279
339 279
337 271
340 272
343 273
346 274
347 274
346 274
348 267
349 275
355 255
349 296
357 283
356 283
357 283
358 297
358 296
358 297
357 289
354 300
350 303
351 303
352 303
352 304
353 304
354 304
354 303
352 304
365 303
364 307
363 307
364 307
363 311
370 301
370 302
370 301
377 310
377 309
377 308
376 308
377 310
382 308
387 306
387 305
387 304
387 305
387 306
386 306
386 305
387 306
392 304
387 316
395 309
394 309
395 309
398 314
401 319
409 315
419 329
418 334
416 344
430 338
429 338
428 338
429 338
430 338
439 349
437 340
434 353
442 348
452 361
461 365
460 365
461 365
459 372
458 370
458 371
458 370
457 368
454 362
455 362
454 362
455 364
456 364
456 363
455 364
455 363
455 364
449 356
448 356
449 363
449 362
449 361
448 361
449 349
446 363
433 359
421 378
423 363
424 363
425 363
425 364
425 365
424 365
424 366
424 365
425 364
436 363
437 362
438 361
439 360
439 361
439 360
438 361
445 354
443 352
442 352
443 352
444 353
442 351
441 350
439 351
435 353
431 346
432 350
433 354
431 355
429 356
428 356
429 356
421 360
419 361
426 350
427 351
428 352
429 353
429 352
429 353
432 356
432 355
431 355
432 341
431 340
428 342
425 344
428 337
428 336
428 335
428 336
428 337
427 336
427 335
427 334
427 335
427 336
426 335
425 335
424 335
424 334
426 335
427 336
421 340
421 339
422 339
421 330
420 329
420 330
420 329
421 330
423 332
423 333
423 332
416 340
418 327
419 327
418 327
415 324
414 324
415 324
415 323
415 322
414 322
415 324
416 325
417 326
417 327
417 326
416 326
416 327
417 326
415 324
413 322
413 321
413 322
412 321
411 320
412 344
412 343
412 342
412 343
412 344
409 337
402 346
403 342
402 342
401 342
402 342
403 342
404 338
404 339
404 338
406 330
407 326
401 335
401 336
401 335
399 338
399 339
398 339
397 339
398 339
398 338
397 338
398 339
399 338
397 341
393 347
392 347
393 347
391 337
391 338
391 339
390 339
391 350
390 352
389 354
383 350
386 360
387 360
387 361
387 362
387 363
387 362
387 361
386 360
385 362
386 362
385 362
384 364
383 364
383 363
384 364
385 364
386 364
386 363
384 364
385 362
385 363
385 362
384 357
383 357
384 357
383 352
382 347
382 348
382 347
385 350
387 345
386 345
387 345
387 346
386 346
386 347
386 346
387 345
389 340
388 346
387 352
386 352
387 352
387 353
386 353
387 352
388 353
389 354
388 356
387 358
386 358
387 358
388 356
379 374
378 374
379 374
379 373
378 373
379 374
378 376
377 347
368 354
363 344
373 353
374 348
373 348
374 348
374 347
374 346
374 347
374 348
375 343
377 353
382 331
381 333
380 333
381 333
380 335
381 350
382 365
377 360
376 359
377 359
377 358
376 359
377 373
372 367
367 361
368 374
367 374
368 374
369 387
368 387
367 387
368 387
369 387
369 386
368 386
369 361
375 377
376 377
376 376
377 375
377 374
377 375
376 375
377 375
376 376
375 377
375 376
375 375
374 375
373 375
374 375
375 377
378 364
381 375
394 371
392 372
393 372
392 359
386 375
390 352
392 335
393 347
396 342
395 342
394 342
394 343
396 342
405 327
394 376
394 375
394 376
412 356
413 356
414 356
415 356
414 356
413 356
412 356
412 357
413 357
412 357
419 356
419 357
419 356
414 367
419 360
419 359
418 359
419 360
405 366
398 369
389 406
382 411
374 396
371 402
370 402
371 402
372 403
371 403
370 403
371 403
372 403
373 404
374 405
374 404
374 403
374 404
374 405
375 406
377 408
378 409
370 404
367 388
363 399
364 352
363 352
364 352
361 384
362 384
362 383
362 382
362 383
361 384
369 403
368 394
369 394
370 394
370 395
380 401
382 394
385 413
386 413
385 413
386 388
389 421
389 420
389 421
403 395
400 429
393 414
395 420
396 423
397 426
398 429
399 432
398 432
399 432
402 412
401 412
401 413
402 412
401 424
403 425
402 425
403 425
409 428
413 430
420 417
420 416
420 415
420 416
420 417
410 429
411 429
411 430
410 429
414 400
401 429
400 446
400 445
403 437
408 443
413 449
418 434
419 431
414 437
418 440
418 441
418 442
419 442
419 443
419 442
418 440
418 439
418 440
422 443
422 442
422 443
430 449
456 440
458 450
459 440
460 445
461 450
462 440
462 441
462 442
462 441
462 440
457 450
454 440
451 446
450 448
450 449
449 449
449 448
448 448
448 447
448 448
447 447
446 446
447 447
446 447
447 447
448 448
449 449
448 449
449 449
450 448
449 440
445 444
444 445
443 445
442 445
443 445
443 444
442 444
443 444
442 443
443 444
444 445
444 444
444 443
444 444
444 445
443 446
442 446
441 446
441 445
440 445
441 445
441 444
441 443
440 443
440 442
440 441
440 440
439 440
440 443
441 445
443 446
428 448
429 448
428 460
441 455
441 454
440 454
441 455
442 455
442 456
443 457
443 458
442 458
441 459
440 459
440 458
441 458
440 458
441 459
440 460
440 461
440 462
439 462
440 460
443 457
444 458
445 459
461 454
446 460
445 459
444 458
443 457
442 456
441 455
441 456
441 457
441 456
441 455
428 463
433 442
425 448
424 465
437 473
438 473
439 473
439 474
438 474
437 474
437 475
435 476
437 475
439 474
439 475
439 476
439 475
439 474
437 473
435 472
433 471
425 467
427 468
423 466
429 489
450 492
451 477
451 478
451 479
451 480
451 481
450 481
449 481
449 482
450 481
451 502
431 500
430 500
430 501
431 500
427 508
426 510
425 510
424 510
425 510
426 510
424 514
424 515
423 515
424 514
420 522
437 514
447 532
452 541
447 540
437 538
427 536
425 543
421 524
420 542
428 536
433 545
425 547
426 547
425 547
433 538
434 543
435 548
393 582
367 589
389 584
432 549
431 549
430 549
431 549
432 549
438 532
437 546
438 546
440 546
438 546
438 545
438 544
438 545
437 546
445 541
444 530
443 519
443 520
443 519
442 508
449 514
456 520
454 529
452 538
461 536
461 535
461 534
460 534
451 523
454 524
457 514
458 518
459 518
459 517
459 516
459 517
458 518
457 518
457 517
458 518
460 526
452 497
461 495
461 496
460 496
460 497
460 498
460 499
460 500
461 500
460 496
461 519
460 519
461 519
458 512
457 513
456 514
456 513
456 514
454 516
450 520
449 521
450 521
451 521
450 521
449 510
451 511
452 510
451 511
449 510
445 507
444 518
443 518
442 518
442 519
442 520
442 519
444 518
443 529
439 520
435 521
434 521
435 521
435 522
436 522
435 521
431 522
430 522
431 522
431 523
432 523
432 524
431 524
430 524
429 524
428 524
429 524
430 524
431 524
432 523
431 522
423 524
427 493
426 493
427 493
426 494
425 494
425 493
425 492
425 491
424 491
425 493
424 492
425 493
426 494
425 495
423 497
421 499
420 499
421 499
422 504
423 509
422 506
420 500
418 502
419 479
420 483
421 487
422 491
421 491
421 490
422 491
423 495
424 499
439 498
437 505
454 489
461 491
454 485
454 484
453 484
452 483
452 484
452 483
454 478
456 473
456 474
456 473
454 485
453 485
454 485
449 494
440 473
445 495
445 494
439 487
437 496
434 479
435 495
436 495
436 494
435 495
433 476
433 477
433 476
432 484
431 484
430 484
431 484
432 484
431 492
432 492
433 492
433 491
433 490
433 491
431 492
420 467
421 467
421 466
422 466
423 465
423 464
423 465
422 466
421 467
422 467
421 467
420 411
420 412
420 413
419 413
420 411
423 440
432 427
434 438
437 401
441 406
445 411
455 406
459 404
458 404
458 405
457 406
458 406
457 406
458 405
459 404
445 407
450 398
451 398
451 397
451 396
451 395
452 395
451 397
442 398
447 387
453 390
452 390
453 390
457 392
461 394
463 395
453 386
461 401
460 401
460 400
452 401
452 400
452 401
453 388
452 388
452 387
440 388
438 434
439 434
439 435
440 422
440 423
440 424
440 423
449 422
440 417
440 418
440 419
441 419
441 420
441 421
440 421
441 419
440 418
441 418
441 417
443 420
447 426
450 420
451 418
450 418
449 418
449 417
451 418
450 433
457 418
461 434
460 434
461 434
459 426
460 426
459 426
460 430
459 430
460 430
459 426
458 422
459 422
459 421
458 422
457 418
469 417
466 434
466 433
478 434
470 425
475 423
476 423
476 424
475 423
480 421
479 457
480 389
492 454
492 453
492 454
489 437
486 420
486 421
486 420
478 421
470 422
470 423
470 424
470 423
470 422
474 415
478 408
471 407
471 408
471 407
464 406
464 405
465 405
464 396
459 406
459 405
460 405
461 404
460 405
461 405
460 405
459 406
478 397
464 385
463 385
464 385
462 392
463 392
476 384
476 385
476 384
462 376
462 377
462 376
463 366
464 372
465 378
466 384
466 383
466 384
468 383
469 383
468 383
467 376
466 369
474 380
470 393
478 388
478 389
478 390
478 389
478 388
477 388
470 435
471 436
475 440
476 441
477 441
476 441
477 442
478 443
470 448
470 447
470 446
470 445
470 446
470 447
478 448
475 449
472 450
473 450
472 450
469 451
466 452
467 448
468 444
463 442
462 459
465 440
478 454
477 454
476 454
476 453
466 454
462 491
470 489
468 457
479 465
477 466
477 467
477 468
477 467
477 466
476 455
471 469
469 470
469 471
469 470
478 471
477 471
470 476
478 477
477 477
478 511
477 511
478 511
473 507
468 503
468 504
469 504
468 526
466 529
466 530
466 529
462 535
464 530
465 530
464 530
463 522
463 521
463 522
461 506
462 508
463 510
462 508
464 512
465 514
468 520
465 507
474 505
472 510
483 519
482 485
490 500
491 500
492 500
491 500
490 500
492 487
491 487
492 512
482 497
482 498
483 498
482 517
480 483
479 483
479 482
478 482
479 482
480 483
482 472
492 473
492 474
491 474
492 473
479 466
480 489
481 489
480 489
481 512
478 518
478 519
478 518
470 513
474 526
475 526
476 526
476 527
474 526
473 528
472 530
471 532
470 534
469 536
467 540
466 542
465 544
465 543
465 542
462 541
465 544
464 546
463 546
462 546
463 546
464 546
463 548
462 550
477 521
476 521
476 522
476 521
477 493
470 497
472 498
466 495
466 494
466 495
468 496
467 496
467 497
466 498
466 499
466 498
467 497
468 496
464 494
462 493
466 502
465 499
464 496
463 493
473 487
478 484
477 484
476 484
477 484
476 483
475 482
474 481
475 481
474 481
473 480
471 478
470 477
469 476
470 442
474 443
478 444
478 445
478 444
475 437
472 430
470 431
462 435
462 434
462 435
467 417
453 420
454 433
443 423
436 435
438 416
428 423
428 422
428 421
428 422
428 423
427 409
425 426
436 399
422 394
424 413
423 413
424 413
426 394
435 399
437 395
438 393
439 393
439 392
438 393
437 393
438 393
439 391
436 395
430 403
430 402
430 401
429 401
430 403
429 403
430 403
427 407
433 428
435 435
428 440
430 440
428 440
426 432
425 432
424 432
425 432
426 432
425 428
414 440
420 457
420 456
420 457
415 434
401 447
407 461
406 461
406 460
407 461
407 462
407 463
407 462
406 462
406 463
406 462
407 461
404 454
405 454
404 454
416 482
417 482
418 482
417 482
417 481
416 482
419 489
419 488
418 488
419 489
420 459
413 472
411 453
408 451
413 484
410 465
409 465
408 465
407 465
407 464
401 465
395 493
389 488
384 500
383 500
383 501
382 501
383 501
382 502
383 501
384 500
384 501
384 500
373 507
374 507
375 507
375 506
373 507
362 514
362 515
362 514
363 526
366 525
366 526
366 525
365 510
366 510
365 510
367 517
369 524
372 523
371 523
371 524
370 524
371 524
372 523
375 522
375 523
374 523
374 524
375 524
374 523
375 522
374 529
372 543
369 564
368 564
369 564
368 571
367 571
368 571
367 578
366 585
366 584
366 585
365 592
364 599
363 599
364 599
363 606
363 605
364 605
365 605
365 606
364 605
363 553
369 575
373 544
374 550
375 556
375 557
375 558
375 559
375 560
375 561
374 561
374 562
375 562
375 563
375 564
375 565
375 566
375 567
375 566
374 566
374 565
374 564
374 565
374 566
375 562
374 561
375 556
370 577
377 568
376 568
377 522
376 563
366 519
372 502
381 498
378 505
382 507
380 496
391 495
393 519
394 531
394 530
394 531
393 528
392 528
392 527
393 528
392 525
391 522
391 523
390 523
391 522
382 527
386 546
386 547
385 547
384 548
383 549
382 550
382 551
383 551
383 550
383 551
384 552
383 551
382 550
383 549
385 547
386 546
378 524
378 525
379 525
378 561
380 549
379 549
379 550
378 550
379 550
380 549
381 543
383 531
382 531
383 531
384 525
388 537
387 537
386 537
387 537
388 537
390 543
391 542
392 541
392 542
392 543
392 542
392 541
393 541
392 541
394 539
393 539
394 539
395 538
397 536
398 535
395 507
397 536
401 527
412 532
416 535
420 538
417 520
416 514
415 508
420 534
420 533
419 532
419 533
419 534
419 533
418 533
418 534
418 535
418 536
418 535
418 534
418 533
419 532
418 532
419 532
416 529
417 530
416 530
416 531
417 531
417 532
417 533
417 532
416 532
417 532
416 531
417 530
415 528
413 526
412 525
413 534
412 534
413 534
406 535
407 535
406 535
401 522
404 529
407 536
403 535
403 536
402 536
401 536
402 536
403 535
402 535
403 535
399 534
398 508
399 508
400 508
401 508
401 509
409 519
413 524
413 523
413 522
412 522
411 522
412 522
412 523
412 524
412 523
412 522
413 508
412 509
412 508
412 509
411 509
412 509
411 510
408 513
409 512
408 512
409 512
410 511
409 512
405 516
407 514
404 517
403 517
402 517
403 517
404 517
402 519
397 502
400 536
390 530
388 542
387 548
387 547
387 546
387 547
387 548
388 548
395 500
394 500
394 499
395 500
393 499
391 498
391 499
391 498
389 511
389 510
389 509
389 508
389 507
389 506
389 505
389 504
389 503
389 502
389 501
389 500
389 499
388 499
387 499
387 500
386 500
387 500
388 499
389 497
387 496
391 497
395 498
394 497
394 496
394 495
394 494
393 494
394 497
393 496
392 495
392 494
392 495
393 496
391 494
390 493
391 492
390 492
391 492
392 491
392 492
393 492
394 492
393 492
394 493
392 491
393 490
393 491
393 490
392 479
393 482
393 483
394 483
393 482
395 488
396 487
394 476
394 477
394 478
394 477
394 476
401 475
400 475
401 475
397 486
400 483
399 484
399 485
399 486
398 486
399 484
400 483
401 482
400 466
406 477
402 397
409 401
413 384
417 395
414 384
423 389
425 378
427 381
429 384
436 372
461 378
460 378
461 378
457 376
458 376
457 376
459 377
459 378
459 377
459 376
459 377
457 376
453 374
455 375
435 372
434 374
433 376
430 382
430 381
430 382
429 372
430 372
431 372
430 372
429 372
429 374
429 375
428 375
428 376
428 375
429 384
428 384
427 384
426 384
426 383
427 383
426 383
413 384
406 402
401 388
407 379
406 379
407 379
407 378
407 377
407 378
407 379
409 376
411 373
413 370
412 372
411 374
412 374
413 374
413 375
415 376
415 377
416 377
415 376
415 375
414 375
414 374
414 375
419 368
418 368
419 368
418 370
415 376
413 375
411 374
410 376
409 378
405 386
405 385
405 386
404 386
404 385
405 386
404 388
403 388
403 387
402 387
403 387
402 386
401 386
401 387
402 386
403 387
404 388
403 390
402 392
401 394
401 393
401 394
400 396
397 402
397 403
398 403
398 402
398 403
398 404
398 405
398 406
398 405
398 404
397 404
398 403
397 402
391 414
390 416
389 418
388 398
387 398
388 398
387 378
395 385
394 353
395 353
395 354
396 354
395 354
404 353
413 327
413 328
413 327
408 329
402 312
403 317
404 322
403 322
402 322
401 322
401 323
401 324
401 325
401 326
401 325
401 324
401 323
404 322
403 321
401 319
398 327
400 318
399 317
398 317
399 317
399 318
398 318
399 317
397 315
383 339
382 339
383 339
383 340
382 340
383 339
396 308
395 308
396 308
394 316
387 311
356 299
357 314
363 310
363 309
362 309
363 310
362 311
361 312
359 314
358 315
357 315
358 315
357 316
356 317
359 306
350 305
351 323
350 323
351 323
349 322
351 267
361 264
359 254
362 262
361 262
362 262
360 259
358 256
356 253
357 253
358 253
359 253
360 253
361 253
362 253
362 254
362 255
362 256
361 256
362 254
361 254
361 255
362 254
366 253
363 264
364 263
367 257
368 255
381 264
380 254
386 265
385 265
386 257
401 259
399 256
397 253
397 254
397 255
397 254
397 253
395 250
395 251
395 250
393 247
401 245
397 244
398 235
393 243
398 218
397 218
397 219
398 218
400 208
400 209
400 208
394 203
396 220
389 209
389 210
389 209
388 219
387 219
388 219
387 229
386 239
395 238
392 243
389 248
384 239
383 245
383 244
383 245
392 219
399 203
406 212
404 207
405 207
405 206
404 207
402 202
402 203
418 202
417 207
416 212
415 212
414 212
415 212
416 212
415 205
414 198
413 211
409 210
408 210
409 210
409 209
410 209
409 199
401 208
402 225
403 242
404 259
413 236
415 245
414 245
413 245
414 245
414 246
414 247
414 246
415 245
416 233
415 233
415 232
415 231
415 232
416 233
423 238
417 221
417 222
417 221
426 231
425 231
424 231
424 230
426 231
425 216
424 201
429 223
428 223
428 224
428 225
428 226
428 225
428 224
429 223
429 222
428 222
429 192
427 197
426 197
425 197
424 197
425 197
425 198
427 197
425 189
424 189
425 189
424 185
423 207
423 206
423 205
423 204
423 203
423 202
423 201
423 200
423 199
423 198
423 197
422 197
421 197
421 196
420 196
421 196
422 197
423 191
423 190
423 191
422 191
423 182
420 186
417 190
417 191
418 191
419 191
420 191
419 191
418 191
417 190
413 179
423 146
413 150
418 146
423 142
418 135
417 144
414 145
417 89
416 184
409 185
409 186
410 186
410 185
410 186
409 185
407 153
407 154
406 154
407 186
406 186
407 186
400 178
395 187
393 173
392 175
393 196
389 180
388 181
386 183
386 184
386 183
378 177
379 178
380 179
380 178
380 179
381 180
381 179
382 179
381 180
382 181
383 182
384 183
383 183
384 183
384 184
384 183
385 184
384 185
383 185
383 184
384 185
384 186
384 185
381 189
381 188
380 188
379 188
378 188
379 188
380 188
380 189
379 189
378 190
378 191
378 190
378 189
378 190
380 188
387 189
384 197
381 205
370 201
377 199
377 200
377 199
373 187
372 187
371 187
370 187
371 187
372 187
373 187
372 184
370 178
369 175
368 172
367 172
367 173
368 172
367 169
365 163
365 164
365 165
365 166
365 167
365 168
365 169
366 169
365 163
375 192
379 175
371 213
368 202
365 191
365 190
365 191
362 180
366 195
370 182
372 214
372 213
371 213
372 201
388 202
385 191
382 180
389 200
388 200
389 200
390 182
399 192
400 184
401 176
402 183
401 183
402 183
403 190
401 179
407 178
413 177
412 177
413 177
406 91
415 84
412 94
408 80
406 73
406 74
407 74
407 75
407 76
406 76
406 75
406 76
407 74
406 73
404 66
404 65
403 65
402 65
401 65
402 65
403 65
402 64
401 64
402 64
403 65
404 66
403 66
402 66
401 66
402 66
403 66
404 66
403 74
402 74
403 74
402 82
393 48
391 49
389 50
387 51
385 52
382 38
377 47
370 29
373 37
363 35
363 34
363 33
363 34
363 35
368 28
367 28
366 28
365 28
365 27
346 28
345 22
344 16
343 10
342 10
343 10
344 19
339 11
332 17
331 17
332 17
333 17
332 10
331 11
328 14
327 15
326 16
326 15
326 14
326 13
325 13
326 1
325 1
326 1
326 2
317 7
317 6
317 7
318 6
319 5
318 5
317 5
318 5
319 5
320 4
321 3
322 2
323 1
322 1
321 1
322 1
322 2
315 10
310 1
308 12
306 1
307 12
302 1
303 1
302 13
315 19
315 18
313 17
313 18
312 18
311 19
313 17
312 17
313 17
311 16
309 15
309 14
308 14
309 15
307 14
303 12
301 11
293 7
294 7
293 7
291 6
283 2
281 1
282 1
281 1
281 2
294 1
286 14
286 16
293 14
270 13
268 14
266 15
268 14
267 14
266 14
267 14
268 14
260 18
260 19
260 18
261 18
261 19
262 19
261 19
260 18
259 10
258 19
256 10
256 11
256 12
257 12
256 20
257 20
257 21
259 21
260 21
259 21
257 21
256 21
257 21
256 20
254 21
250 12
247 24
247 23
248 23
247 12
238 28
236 26
235 25
236 25
236 24
235 24
236 24
235 25
234 24
230 20
229 19
218 25
223 33
215 32
207 31
207 32
208 32
207 49
206 30
201 38
196 46
191 54
190 54
189 54
190 54
190 53
190 52
190 53
191 54
192 54
192 53
191 53
191 52
188 49
187 49
188 49
189 50
189 51
188 51
189 50
188 50
189 50
191 39
190 51
191 52
192 53
191 54
185 45
186 45
187 45
187 46
188 46
188 47
187 47
187 48
188 48
187 48
188 47
187 46
185 45
186 62
195 42
201 48
200 47
199 46
198 45
199 46
199 47
198 47
197 48
198 48
197 48
198 47
199 46
200 47
201 48
202 49
202 50
201 50
202 49
203 50
197 36
208 45
211 31
214 44
213 44
214 44
213 27
216 28
216 29
217 29
217 30
217 31
217 32
216 32
216 33
216 34
216 33
217 33
216 32
217 29
216 28
217 28
216 28
219 29
218 29
219 29
218 39
225 31
224 31
225 31
224 32
220 36
220 37
220 38
220 39
220 38
221 38
220 36
226 28
229 24
232 20
232 19
233 19
232 20
231 33
234 19
235 19
234 19
238 28
237 24
235 16
235 17
235 16
242 27
252 13
261 10
263 21
269 14
297 11
299 6
299 5
299 6
299 7
299 8
299 7
299 6
301 1
301 2
300 2
301 1
294 14
300 4
301 8
300 8
301 8
303 16
320 1
321 3
322 5
323 7
324 9
328 17
329 19
330 19
330 18
329 19
330 21
329 21
330 21
332 5
332 7
332 8
331 8
332 25
340 10
340 11
341 11
340 26
344 19
344 20
344 21
345 21
344 28
352 32
353 27
354 22
353 22
354 22
356 33
364 28
375 45
377 35
383 48
401 58
394 80
380 55
381 57
381 58
380 59
381 57
389 73
391 62
394 101
394 100
394 99
394 98
394 97
393 97
394 101
387 89
387 90
388 90
389 90
389 89
388 90
387 107
386 94
386 95
386 94
379 118
370 80
365 116
370 79
356 129
353 121
350 113
350 112
350 111
350 112
349 112
349 111
349 112
350 113
341 89
341 90
342 90
342 89
342 90
341 133
342 127
341 127
340 127
340 128
342 127
343 121
342 121
341 121
342 121
342 120
341 120
342 120
339 132
330 121
333 111
333 110
333 111
336 101
336 102
336 103
336 104
336 105
336 104
336 103
336 102
336 101
335 101
336 113
333 105
332 105
331 105
330 105
331 105
332 105
332 104
331 104
332 104
331 103
332 104
333 105
333 106
333 107
333 108
332 108
333 119
324 117
325 117
324 85
325 96
324 96
325 96
326 107
326 106
327 106
327 105
327 106
326 107
329 140
330 140
330 141
330 142
330 141
329 140
329 141
329 140
330 151
320 139
321 139
320 139
320 140
321 140
320 139
317 144
314 149
310 127
309 129
308 129
309 129
308 131
308 132
308 133
308 132
308 131
307 133
306 133
307 133
307 132
306 132
307 133
303 141
303 142
303 141
302 143
309 142
309 141
309 142
300 135
301 134
307 128
305 131
305 130
305 129
305 130
305 131
304 131
305 131
303 134
301 137
301 136
301 137
299 140
293 149
306 135
313 143
310 147
307 151
307 152
307 151
298 163
295 167
296 167
297 167
298 167
298 166
303 167
302 167
303 167
306 162
306 161
307 161
307 162
307 161
307 160
306 160
307 161
306 162
309 157
308 168
313 169
317 156
316 156
315 156
314 156
315 156
316 156
317 156
314 167
315 167
316 167
316 168
323 167
323 166
323 165
322 165
322 164
322 163
323 163
322 165
323 156
322 156
323 156
325 168
339 163
340 139
340 140
340 139
339 218
338 218
337 218
338 218
339 218
349 185
346 177
341 199
342 184
341 184
342 184
343 169
353 172
363 175
363 174
363 175
354 167
352 186
362 190
359 186
356 182
356 181
356 182
357 181
358 180
359 180
360 180
361 180
360 180
359 180
358 180
359 179
357 181
353 185
354 184
355 184
354 184
355 183
355 182
355 181
355 182
355 183
354 184
354 185
355 185
354 184
353 185
352 186
350 188
353 163
353 164
353 163
347 168
346 168
346 167
346 166
346 165
347 165
347 164
346 164
347 165
346 167
347 168
344 149
341 173
342 173
341 141
340 141
341 141
342 164
344 210
338 207
337 196
334 163
334 164
334 163
333 152
332 141
332 143
331 143
331 144
331 143
332 178
329 156
328 170
314 168
316 161
313 159
310 157
318 154
313 169
303 158
304 163
305 168
294 171
295 163
296 155
295 155
294 155
294 154
284 155
293 141
294 162
286 157
290 160
294 163
291 162
282 159
279 172
278 172
279 172
280 172
279 158
274 175
272 174
270 173
269 158
268 172
267 172
266 172
267 172
267 171
268 172
261 157
260 157
261 157
250 163
252 164
253 164
252 164
254 165
254 164
254 165
248 162
248 161
247 161
248 162
265 155
264 155
263 155
264 155
264 154
263 154
262 154
259 154
262 154
263 154
264 154
265 155
263 176
262 176
263 176
259 218
253 196
257 186
257 187
257 186
259 209
261 170
261 169
260 169
261 170
254 172
253 180
252 179
248 175
249 176
248 176
249 176
250 177
250 176
250 177
249 176
247 174
248 174
247 195
249 182
249 183
249 184
250 184
250 185
250 184
249 182
248 182
249 192
246 182
245 183
243 185
241 187
236 180
238 179
240 178
241 178
241 177
241 176
241 177
240 177
241 177
240 178
244 176
246 175
245 176
245 177
245 178
245 177
245 176
245 175
245 176
244 177
244 178
244 177
243 178
242 179
242 180
242 179
243 178
238 183
231 188
226 167
231 169
231 170
231 169
236 171
240 157
235 165
245 169
246 152
250 149
254 146
247 158
243 152
244 168
223 163
224 163
225 163
226 163
227 163
228 163
229 163
230 163
228 180
226 197
227 195
227 194
226 194
226 195
226 196
226 195
226 194
227 195
228 193
226 180
233 183
235 179
236 177
237 212
236 212
236 213
237 212
226 198
227 198
227 199
226 198
230 185
229 185
228 185
229 185
230 185
229 200
228 200
229 200
228 215
235 212
234 215
231 224
229 230
239 234
243 228
245 225
244 225
245 225
244 236
244 235
245 235
245 234
245 235
245 236
246 236
246 235
246 236
245 235
244 236
252 241
253 230
254 240
254 239
253 239
254 240
253 240
253 241
242 240
243 225
238 237
237 237
238 237
236 234
228 222
227 224
222 234
223 212
224 212
224 211
223 212
223 211
223 212
224 190
225 190
225 189
224 190
225 168
224 176
224 175
225 175
224 168
223 168
224 168
217 174
210 172
215 184
214 184
214 185
207 184
204 163
206 185
193 187
193 186
194 186
193 187
200 175
199 178
202 169
203 169
203 170
202 169
203 166
205 184
207 163
208 163
208 162
209 162
209 163
209 164
209 165
209 164
209 163
208 162
209 161
208 162
207 163
208 184
215 183
214 151
215 151
216 151
216 152
216 153
216 154
216 155
216 154
217 154
216 162
218 153
219 153
218 153
216 152
214 151
223 227
213 240
212 233
211 226
207 231
208 231
209 231
209 230
207 231
207 232
208 232
209 232
208 232
207 232
204 240
202 237
198 231
198 232
198 233
198 232
198 231
201 234
203 236
195 243
197 232
197 233
197 232
194 230
194 231
193 231
194 242
183 245
186 240
185 240
184 240
185 240
186 240
186 239
185 239
184 239
185 239
184 238
185 239
186 240
189 235
188 235
187 235
188 235
188 236
187 237
188 236
188 237
188 236
189 235
189 234
188 234
187 233
187 234
187 233
186 233
185 233
186 233
186 234
184 236
184 237
184 236
185 235
185 236
185 237
185 236
186 236
185 235
186 235
185 235
186 234
187 233
189 235
194 243
192 230
197 234
207 242
206 242
206 241
198 242
204 228
205 230
208 236
209 238
209 237
209 238
211 242
210 228
218 237
220 216
220 217
219 217
219 216
219 217
220 236
230 229
231 189
235 185
240 197
237 183
236 183
236 182
237 183
238 182
239 181
254 195
253 195
254 195
256 177
256 176
256 177
257 168
264 194
265 202
267 218
266 218
267 218
270 204
270 205
270 206
271 206
270 225
273 209
274 210
275 211
276 212
276 211
276 212
275 217
274 222
280 219
279 219
280 219
282 218
281 218
280 218
279 218
280 218
280 217
279 217
280 217
282 218
281 217
279 215
278 214
283 219
284 220
283 220
282 220
283 220
284 220
283 221
285 219
286 218
288 216
287 217
288 216
287 216
288 216
290 214
290 213
290 214
292 212
293 211
293 212
293 213
294 213
294 214
294 215
294 214
294 213
293 211
292 213
291 213
292 213
291 215
290 217
291 217
290 217
289 219
288 221
287 223
301 222
301 223
300 223
301 222
291 251
284 249
283 249
284 249
285 249
285 248
286 247
286 246
286 247
285 248
284 248
283 248
284 248
285 248
284 249
283 251
282 253
281 255
280 255
280 254
281 255
280 257
277 247
276 251
275 255
274 259
271 250
271 251
271 250
272 258
266 273
272 269
275 267
274 274
273 274
273 273
253 274
253 273
253 272
253 271
253 272
253 273
253 274
269 267
269 266
267 262
266 262
267 262
268 259
269 256
238 265
234 262
230 259
222 253
222 254
223 254
225 256
225 257
225 256
224 255
225 256
222 253
239 265
259 262
258 262
259 262
259 263
259 262
266 256
273 250
277 256
276 256
277 256
279 259
277 247
288 252
290 241
291 249
292 239
297 244
296 244
295 244
294 244
295 244
295 243
297 244
295 215
302 219
309 223
307 210
314 222
316 215
318 208
321 221
326 208
325 212
324 212
325 212
323 220
324 220
324 219
336 220
333 214
334 216
335 209
335 210
336 210
336 211
335 211
336 210
335 209
336 209
335 209
336 202
336 203
327 202
335 203
336 192
337 181
335 200
333 219
327 206
328 214
315 208
316 216
310 217
305 209
304 218
296 209
297 223
290 214
280 222
274 223
269 197
268 197
267 197
266 197
267 197
268 197
269 197
261 218
265 151
265 152
265 153
265 152
265 151
274 152
274 153
271 161
267 152
272 175
282 161
283 172
293 169
290 182
309 177
309 178
309 179
309 180
309 181
309 182
308 182
309 177
304 181
303 181
304 181
294 180
299 185
300 185
299 185
318 192
324 182
326 193
321 180
322 188
312 183
311 183
312 183
310 182
322 183
323 186
326 195
324 195
324 194
311 195
309 190
307 185
297 192
294 181
292 194
293 194
292 180
278 199
279 196
282 187
286 202
288 183
288 184
288 185
287 185
287 184
287 183
287 184
287 185
288 183
287 186
291 197
293 168
294 165
285 163
299 153
299 154
299 155
299 154
299 153
301 161
300 149
301 149
301 150
302 158
309 149
313 143
312 143
313 143
315 132
316 138
317 144
323 137
321 110
310 135
317 117
317 118
316 118
315 119
314 119
315 119
314 120
315 119
316 119
317 119
316 119
315 119
316 118
317 117
316 117
317 117
319 104
321 91
321 90
321 89
321 90
321 91
323 78
310 110
307 104
308 106
309 106
309 105
308 106
308 105
308 106
309 108
307 104
306 104
307 104
306 102
305 100
310 113
309 111
309 110
309 109
309 110
309 111
308 111
308 110
309 111
302 113
305 103
305 104
305 103
303 99
304 101
303 101
302 101
303 101
304 101
295 103
297 117
296 117
297 101
294 113
293 113
294 113
287 108
288 121
291 119
292 119
292 120
293 121
292 120
291 119
294 117
294 116
294 115
294 116
294 117
285 124
284 124
283 124
284 124
285 124
283 122
284 99
277 100
276 100
277 100
270 101
270 100
270 101
263 102
263 103
263 102
262 101
281 95
280 108
279 108
280 108
279 121
278 108
264 104
250 117
247 103
248 103
247 115
260 106
273 109
264 132
265 130
268 124
269 122
268 122
267 122
267 123
269 122
271 118
273 124
274 127
273 113
266 114
259 125
259 124
259 123
258 123
259 115
257 123
256 127
255 127
256 127
257 119
254 120
251 121
250 121
251 121
242 124
243 124
243 123
226 135
219 124
217 137
216 137
216 136
215 135
214 134
215 134
214 134
214 133
215 133
215 132
215 133
214 134
213 134
214 134
217 137
218 131
219 125
211 126
225 118
221 140
228 117
220 116
231 120
236 119
235 119
236 119
237 116
236 116
236 115
237 116
238 113
239 110
240 111
241 112
243 114
246 117
245 117
246 106
244 111
244 112
245 112
244 111
236 112
240 121
234 111
235 111
235 112
234 111
231 106
228 101
227 101
226 101
225 101
226 101
226 102
225 102
224 102
224 101
226 102
228 101
209 112
198 108
193 140
197 146
209 133
206 134
193 151
191 139
192 139
193 139
192 139
192 140
191 139
191 138
192 138
191 139
188 140
188 139
188 140
185 141
182 161
183 152
185 134
193 151
206 115
187 137
192 129
197 121
189 124
185 113
186 113
185 113
181 127
180 112
180 113
181 113
181 114
181 113
180 129
179 129
178 129
178 128
178 129
177 129
176 129
177 129
177 128
177 127
178 127
177 129
178 117
178 118
178 117
173 123
174 123
175 123
174 123
173 123
174 134
173 134
173 135
174 134
172 120
168 129
169 129
169 130
170 130
169 130
168 129
170 146
168 153
177 151
184 140
172 163
171 163
172 133
159 142
159 141
159 142
164 124
155 140
153 125
164 128
156 146
156 145
156 146
154 142
153 140
152 138
144 163
152 134
148 137
148 138
149 138
148 137
148 136
149 136
149 135
148 135
148 134
149 134
149 133
149 134
148 135
149 136
149 137
149 136
148 137
144 140
143 136
142 132
143 132
142 132
143 143
145 140
151 131
152 131
151 131
153 128
153 129
153 128
142 129
143 129
146 121
149 113
142 112
142 113
142 112
153 104
142 111
143 92
143 93
143 92
144 92
145 92
146 92
146 91
153 80
151 93
158 92
155 85
155 84
155 85
159 76
163 67
164 67
165 67
165 68
163 67
162 70
159 79
160 79
159 79
167 78
179 71
181 50
180 50
179 50
178 50
177 50
177 51
176 51
176 52
176 53
176 52
177 51
174 50
174 51
175 51
174 50
178 54
179 55
180 55
179 55
183 59
184 48
183 51
182 54
181 57
182 57
182 58
183 58
182 58
181 57
180 60
183 65
172 70
174 55
175 55
174 79
172 56
167 68
169 83
163 85
160 86
157 105
152 88
148 89
149 92
150 92
149 92
151 98
152 101
144 90
144 91
144 90
145 106
146 122
137 126
138 120
138 119
139 119
138 120
139 114
140 108
141 108
140 108
140 109
141 109
140 108
137 101
142 144
141 143
140 142
140 141
140 140
141 140
141 139
140 139
141 140
140 142
141 142
141 141
140 142
139 144
138 146
137 146
137 145
137 144
137 143
137 142
137 141
137 142
137 143
137 144
137 145
138 146
137 148
136 150
135 143
134 136
133 136
132 136
133 136
133 137
132 138
133 137
132 137
133 137
134 136
133 135
132 135
133 135
132 124
131 126
130 128
129 128
129 127
130 128
129 130
129 129
129 130
124 140
129 169
126 129
128 137
128 136
128 135
128 136
128 137
129 141
132 126
133 126
133 127
133 128
132 128
132 129
133 129
132 128
133 127
132 127
133 127
132 126
134 116
135 111
136 111
135 111
136 106
135 106
135 105
136 106
135 118
134 130
132 154
131 166
130 166
131 166
131 165
130 165
131 140
130 140
131 166
132 172
131 172
132 172
133 178
132 178
132 179
133 178
135 190
136 196
135 197
136 196
129 190
129 189
129 190
136 168
137 169
138 169
138 168
137 169
138 170
140 172
141 173
136 151
142 162
138 203
139 212
138 212
137 212
137 211
136 211
137 211
137 210
137 211
139 212
139 213
139 212
140 221
141 221
140 221
141 230
142 239
134 244
135 244
135 245
134 244
135 229
136 229
135 229
134 229
135 229
136 214
137 252
141 255
141 256
140 257
141 255
143 238
142 238
143 238
145 258
149 261
153 264
152 225
153 266
149 224
142 229
142 228
142 227
142 228
142 229
143 229
152 222
151 221
152 222
142 220
142 219
143 219
150 213
142 216
143 216
142 168
143 168
142 168
147 201
150 219
151 219
150 202
158 205
160 158
153 259
153 260
154 260
154 261
154 262
153 262
153 261
153 262
153 263
153 262
154 260
153 259
156 267
155 267
155 268
154 269
154 268
154 267
153 267
152 267
152 268
153 267
154 269
153 270
154 269
155 268
156 267
159 275
160 260
166 267
167 267
166 267
166 268
167 268
167 269
166 269
166 270
167 270
166 269
167 268
166 267
172 274
174 261
191 289
183 284
184 273
175 279
174 257
173 257
173 256
172 265
171 264
170 263
168 261
167 260
166 259
164 257
175 237
174 238
180 232
181 232
180 232
181 231
182 230
181 241
183 232
184 243
183 242
183 241
183 242
178 237
177 236
176 236
177 236
176 235
177 236
178 236
177 236
178 237
173 243
171 230
170 230
171 242
168 229
165 216
165 217
165 216
163 252
159 257
163 198
164 198
163 198
159 185
166 174
167 187
166 187
166 186
165 186
165 187
166 186
166 185
166 186
167 187
165 194
171 191
173 190
175 189
167 202
168 196
169 196
168 196
169 190
170 184
172 185
174 186
176 187
176 188
176 189
176 188
176 187
178 188
175 195
175 194
175 195
180 189
182 180
182 181
183 181
184 181
183 181
182 190
184 191
194 157
192 169
190 181
184 217
183 217
183 216
180 208
181 208
180 208
176 217
184 206
178 198
168 219
168 218
169 218
168 219
173 209
174 209
175 209
174 209
174 210
175 210
174 210
173 209
174 207
175 207
175 206
174 207
177 201
176 203
177 201
178 199
179 197
184 214
184 213
184 214
185 197
191 208
197 192
195 199
193 206
194 206
193 206
199 199
198 199
198 198
199 199
209 202
207 197
208 197
207 197
205 192
206 192
205 192
199 208
212 205
209 197
