[-207.37704596761165, -63.53260011672369]
[2.5078453623597845, 9.289007964081488]
[67.80272224655623, 55.303637440949586]
[23.2442117934348, 6.707354344079614]
[7.360491366355693, -5.840164811727706]
[16.074327145937524, 31.889226531901105]
[6.839341450092858, -27.091239777187894]
[8.290822606919367, -14.395603327765778]
[9.243748244514899, 6.510284055628257]
[5.257104697670548, -3.0182874514477787]
[6.03983137254397, 0.4101080696031126]
[-0.5386435868636004, -2.052147028654598]
[7.170199223970845, 3.9294670197317156]
[0.16140670487038528, -0.018256465056773405]
[-1.6656285340454935, -2.190970776521528]
[0.8346861619062544, -2.342377190276272]
[3.9468132089565584, 2.811552506506516]
[0.763062934839051, -0.08174416564328525]
[2.0958556172997684, 3.297911961211783]
[-1.9198449286160764, 1.6597943228633933]
[0.5817414729041297, -2.713457939702863]
[1.2265704513089313, 1.589190309538081]
[-1.5864914061931998, -0.591281473670605]
[-0.45026669065777003, 1.851423517868907]
[0.3047548339026759, 0.9294186730200047]
[1.2130137870463844, -1.4160585551903144]
[1.160547195705086, 3.812611686611031]
[-0.7831427563730302, -1.12873104776695]
[-0.6389903186276846, -1.0550298090626946]
[-1.163614021070609, -1.9849571004740858]
[-1.465719821932367, 0.03228194681768622]
[-1.5438415083957504, 0.6300616965025208]
[1.7346888903455369, -0.9590153931217763]
[-2.152200944670614, 1.0962480189605182]
[4.115642416975003, -0.12153373275669802]
[2.9947443972619197, 0.46003750647152214]
[-3.0803668290631943, -1.6366922700704478]
[-0.4860235336833462, 0.705506734768212]
[-0.02130818299291884, -0.8295839142030379]
[0.19748652468356984, -0.6024379822244347]
[-0.46162480171288106, -0.5712346786566852]
[-0.4120066984438395, 0.049414607573323895]
[0.34046413247734547, 0.3389531757599079]
[-0.9428125988738398, 0.1619241797766141]
[0.5356698716155055, 0.5976850256222017]
[0.05398500777895768, -0.20013313824509502]
[0.23886795603691935, -0.5581363201207816]
[-2.7753803955537117, -0.5759286279799284]
[0.8629701911278544, 1.7115109977548975]
[0.12487762725342821, -0.4590653311583767]
[0.06983356558963946, -1.3033195451708222]
[1.0644745264862412, -1.0489142076288949]
[-0.847714309045509, -0.5789134657070788]
[0.09368132089627182, 0.6734740766498588]
[0.5364962693977817, 0.22088585459402982]
[0.29463636327017195, -1.1922148172708134]
[0.7519390490738432, -1.1351228880475257]
[-0.1933661213037694, 0.5850240320446988]
[0.9560346234959138, 0.1233349304888928]
[-0.15957307627121498, -0.18296037668742243]
[-0.9566847932403382, -0.5543561011589844]
[-0.27189800380453577, -1.226659657121221]
[-0.739253839611182, -1.1703740951184347]
[0.6802373301512962, -0.3740640226869234]
[-1.683910807764685, -1.0864881396429922]
[0.19210239330017687, 0.33626367560850623]
[-0.8971057688123747, 1.0295199728373503]
[0.9116260508649902, 0.25839092477763587]
[-0.37421283791272447, 1.427502861804648]
[-1.4363091536902028, -0.6546901032563862]
[1.8401847509568248, -0.8927639216884715]
[1.0065304136042343, -0.21724422207710578]
[-0.020109492794091577, 1.2709837628570975]
[-0.10465008260432647, 0.8725968040565424]
[0.248802331754272, 1.533304170890358]
[0.9669061282852153, 0.6146570301971308]
[-0.24313433577644628, 1.6787351732907798]
[-0.6843946992076746, 0.16970850408375754]
[0.8653421682843356, -0.1299677453641594]
[-0.5966530690692059, -0.3596982269365715]
[0.88420394636781, -0.6371908013629749]
[-1.1635760295164588, 0.6387227039314702]
[0.632223414207945, 1.220014012535964]
[0.908291427631745, -0.6439086519572446]
[-1.0620561985548125, -0.2832597382198854]
[-0.5330465441987864, 0.06369930867812297]
[0.10949326628222573, 0.8128053306297399]
[-0.5211598071109733, -0.61720088017515]
[1.1305117429442824, 0.6498937799785357]
[0.7977320992728626, -1.0669266501399117]
[-0.04290016640590674, -0.46260846910247255]
[-0.1012408631895517, -0.22229095249630873]
[0.15694951456593526, 0.11122197068585758]
[-0.8856696554256547, 0.18051659876077264]
[1.2305939680684914, 0.3122170734422287]
[0.3799977771503492, -0.09095299440166711]
[0.5267147273685922, 0.06444946371858672]
[0.2509489392494693, 0.1434184315607392]
[0.03872497361446729, 0.3578352007445179]
[-0.2671009984827483, 0.2991926237159416]
[0.6788884979821865, 0.48833257015144066]
[0.7607249709956212, 0.8711649447630235]
[-1.0820739322766668, 1.4887594002712308]
[0.9954323550713027, -0.6233069372938549]
[0.08624314093299718, -0.4392883941014546]
[-0.6585897813284686, 0.20852880148170705]
[0.009972639956514706, -0.04507336270859717]
[-0.03191242660692628, -0.44529902646921266]
[0.5253497489836716, -0.2696459280051808]
[0.2639451764712179, -0.4127103402338471]
[0.21128281265069018, 0.6310281062072668]
[-0.030152351695525867, 0.2589860402606149]
[0.8327741987986623, -0.21636462614227728]
[0.3518071941607928, -0.0831762044043652]
[-0.47679050469298184, -0.15390516791648634]
[-0.14312321371367528, 0.6338272046208216]
[0.6702592235372001, -0.08967489311409202]
[-0.03339490180381069, 0.11528060894895054]
[0.24798964511146565, 1.1214996956098808]
[-0.08251196617011822, 0.17564104399874783]
[0.07191274946205169, -0.09988201301406982]
[-0.07360464822944546, -0.09036934598944038]
[0.1294115515924146, 0.10269042937112703]
[0.5748600297447289, 0.1668221405099049]
[-0.3910763395657944, -0.2650018643711802]
[0.4988769183108235, -0.13300906487067704]
[0.47117753251156774, -0.23384535738478923]
[0.5946903460090348, 0.13853960932895718]
[-0.7617901012790341, 0.17534740913375846]
[0.15191358095269514, 0.3597172236565526]
[-0.5070882069409532, -0.4548096028576122]
[0.2571399560506976, -0.2229499547172601]
[-0.032559905079812615, 0.7813756936621107]
[0.14664156263391426, 0.07973842646111325]
[0.3887280532942022, 0.15065508092316882]
[-0.21488019011697473, 0.41039640893539103]
[-0.06728880854087921, -0.7842071433299022]
[0.04697054132954548, -0.34377215124748517]
[0.20804861824882165, 0.37200728245416664]
[-0.07591441949605102, 0.2630742066242342]
[-0.18384861481853054, -0.19024538049246392]
[-0.23018476120717002, -0.35152977917362943]
[-0.14186150898637429, -0.18322547676858902]
[0.3495329103835467, -0.2177543103284492]
[0.22839511917134475, 0.1361997379373474]
[0.3317518299656701, -0.1822361337603841]
[-0.11382220487278437, 0.24365015757446115]
[0.23110132136494604, 0.08361925396309361]
[0.060130567408839014, -0.37221526820546963]
[0.031455871190745124, -0.17972800428474375]
[-0.05621384711059897, 0.31266327662409243]
[-0.022164089464328088, 0.032367243883800696]
[0.025091634086551615, 0.2860955509498079]
[-0.01516563335211539, 0.03999860424075315]
[-0.040900683762544854, -0.19684381523473948]
[0.29703638622876904, 0.1366421384362307]
[0.38412136571554223, 0.03157672401624048]
[0.19208849387612772, -0.10827222048646007]
[0.3928366519238856, 0.07799696210573769]
[-0.17073274806399402, -0.13602498171865068]
[-0.0559349908986769, 0.007703649244489547]
[0.11211830735999515, -0.08945857434580463]
[-0.3076956832494825, -0.08651048682405234]
[0.036211524430877884, -0.11299238890171866]
[-0.011569676897799558, -0.3353638852809953]
[-0.05835525493352506, 0.07515440778377762]
[0.03431016531287544, -0.15280172304443757]
[-0.09495365040511065, -0.010515829176960714]
[-0.04761305979079475, -0.154863490695133]
[-0.01128125674537557, -0.08885954591612165]
[-0.19540974930278657, 0.20634273309944068]
[0.08931631461627218, 0.06751178143745792]
[-0.005551701454331245, 0.3212329506822018]
[-0.38536760527414315, 0.14424293167127333]
[-0.1345496654651819, -0.15190681688835922]
[-0.22348328138657741, -0.08119783536007116]
[-0.16715465591448814, 0.1465917579827753]
[0.0912275878707909, 0.2306681234129958]
[0.01769713774002145, -0.14073339796646028]
[0.27450936731650005, -0.17852943040035255]
[0.0279582626545669, 0.22261331736611112]
[-0.032781653947567324, -0.058494885144715944]
[-0.14164964997811405, 0.11870643045816671]
[0.19690246423124752, 0.10910755681432878]
[-0.08133504129753913, 0.0016013494019473107]
[-0.11003172866687327, -0.08623709936951873]
[-0.19894800059266105, 0.09745742933956879]
[-0.24134637966938566, 0.16835094222822855]
[0.03403903632468247, 0.10509840614111353]
[0.04430874520466464, 0.24284430541418703]
[-0.040405201481645045, 0.029504157012622302]
[0.015422488056797107, -0.18689941806067414]
[-0.007668472362744101, 0.032865635601283576]
[-0.1125053686250039, 0.11644527542159525]
[0.044969026914444904, 0.008790255400828478]
[-0.12678075280869483, 0.0790089628125075]
[-0.22626176653217814, -0.19833156711340738]
[0.07771647584281173, 0.3317257693385938]
[-0.20702238174127066, 0.03564764898911192]
[-0.0020308661636304903, -0.02683977931115869]
[0.11337773815317775, -0.021883752354310074]
[0.13572562524846818, 0.1743687752375582]
[0.2525054700689106, -0.1441600079045955]
[-0.2363689932753417, 0.08815610793005257]
[0.10707836599339193, 0.15074741223688354]
[0.07067448135487688, -0.006714559928555838]
[0.04627001720854715, -0.017077815836781612]
[0.0011842304890083977, 0.04230687772528195]
[-0.020813296115924196, 0.04563285414196187]
[0.05558675812764488, -0.0038692268528768142]
[-0.03624932647877402, -0.030047076525463276]
[-0.1453162880254819, -0.04012226093140962]
[-0.08811484772079654, -0.10309130655052516]
[-0.1055308474671765, 0.037134611563740635]
[-0.17224930363724394, 0.016657315078155543]
[0.011769394960678511, 0.130865823260903]
[-0.01424984178223098, -0.1043557922580316]
[0.011407995952094727, -0.002079923011393661]
[-0.012274296709057483, -0.05553172381455437]
[0.20514807048115466, 0.05344493546656473]
[-0.04577031302091161, -0.08547938538478554]
[0.02047680541152891, 0.004575114393363805]
[0.08357081916280044, -0.10390014143547159]
[0.04606153384049743, -0.00954177236567677]
[0.0503009166908248, -0.11939074780473771]
[0.0695638447212471, 0.022781620377144846]
[0.044045345286723485, 0.05373645143121825]
[0.00037214665549772236, -0.10425901931728349]
[0.044357655684686456, -0.04090652863310551]
[-0.04958377472500813, 0.12369072069413106]
[0.03822634596098901, -0.02038880773675919]
[-0.030921784776335712, -0.02691329068382084]
[0.1568042585443036, -0.052967706061644554]
[-0.11707470067385517, 0.06320347406256942]
[0.20711993886925756, 0.021739091277880096]
[-0.0315774571729725, -0.06055694398382362]
[0.1101374057610635, 0.0473472113414031]
[-0.03374004396532161, 0.028486517980815057]
[0.075781651784134, 0.051980299581866896]
[0.0826635512142184, 0.09531729609407566]
[-0.00851927224094439, 0.0032338927136255358]
[0.015427779034332484, 0.10116948982599427]
[0.2109845325313174, 0.015576301265557549]
[0.00300731388596525, -0.017441250025844485]
[-0.0947274053215472, 0.044625363604809815]
[-0.1099656570446037, 0.1632579881255155]
[0.07946458671315575, 0.11600153516992408]
[-0.07646820716126848, -0.011058408392216529]
[-0.02164566089333431, 0.05342706744346819]
[0.02121201477785363, 0.08047549210462794]
[-0.08141986793084197, 0.06288652453109829]
[0.05806749017887169, -0.06903654224942547]
[-0.0887225511385822, 0.08110501112756022]
[-0.08486602713746025, -0.10759392377326965]
[0.062410355800902324, -0.006058635351200076]
[0.017016369523121418, 0.08044378615745545]
[0.059656392535264446, 0.03211525196557492]
[-0.06948626464075008, -0.1647391615249234]
[0.03729951850445469, -0.06851420397559546]
[0.0688114653903049, -0.04679638216530521]
[-0.02785837389263044, 0.03671642709732777]
[-0.005479751800496056, -0.042677068123487205]
[0.00029437599227134445, -0.06758422443423096]
[-0.06706247632101647, 0.09881577388860915]
[-0.07157138624889964, -0.01270191872998959]
[-0.025225343709502517, -0.12107006339979844]
[-0.06626502603998158, -0.026560004236619153]
[0.06932112359135623, -0.07019892089362073]
[-0.09437266750857215, -0.05624891249563957]
[-0.006248981250495826, -0.05090276895167381]
[0.02986366910103134, 0.04818138829440764]
[-0.06233524122030952, -0.0535949850893742]
[0.04585098142855839, -0.04776434783779171]
[0.11168197052566943, -0.11631257047580426]
[-0.028696034976365036, -0.05246566892080107]
[0.0695024793211428, -0.023493135688217523]
[0.029366697562181018, 0.01959879660390823]
[0.01052867397030436, 0.19019935277660543]
[0.06268610388875268, 0.08602991560537683]
[0.03306535527796693, -0.1051699301331263]
[-0.07934260124287439, 0.010542372329759783]
[-0.1011432958568281, -0.07416021619943619]
[0.03742761699055121, -0.03501394018628724]
[-0.08410611859092347, 0.1421727749282251]
[0.0348261986565907, 0.029734411960310334]
[-0.008125304077540724, -0.05114573815959679]
[-0.07815786108908311, -0.026333442873009344]
[0.06395171418339513, -0.05213079138917494]
[-0.0018605945943347378, 0.005803446421006234]
[-0.11510667808906325, -0.028111145967434747]
[0.022171377750876995, 0.015954324165739386]
[-0.020247699262265988, 0.00391215752887529]
[0.027796117673269283, 0.08386893440715254]
[-0.006163271002540712, -0.028841056804508353]
[0.014606895806145489, 0.04728051284131746]
[-0.05069701678075254, 0.0038636361988012013]
[-0.09619871773478478, 0.06854052188609276]
[0.005607303736489152, 0.004236773782817782]
[-0.08856918035391911, 0.028434261894791438]
[-0.0659857799692582, 0.06086884991473976]
[-0.08821380211654158, 0.02737318773072646]
[0.03007664198354862, -0.05437896178509699]
[-0.03872411689561654, -0.0035104619810415044]
[0.006576454739799117, -0.030463015756643348]
[0.02473134864237716, -0.030107170290355506]
[-0.04007683841924936, -0.05382761644171701]
[0.008847977437303263, -0.10193787274791807]
[0.08086612793769689, 0.07369689342861374]
[-0.016900988311689978, -0.04700082195021554]
[0.04764148299398963, 0.08193643235361872]
[-0.015433626452857703, 0.008263940312947582]
[-0.07600735381468429, 0.06751143968314977]
[-0.03635604634417511, -0.0024010475804997627]
[0.04116119678419526, -0.04266215929679007]
[0.005117226799247487, 0.06557117287757891]
[-0.06905222571683699, 0.11024810806795984]
[0.011233413519838347, 0.02389306979103127]
[0.06859735404739024, -0.11028668880222472]
[-0.05514007588801495, 0.0004475733619137279]
[0.021702696067038636, -0.0923784323019884]
[-0.05430284081287029, -0.01363627060275735]
[0.10962372663937107, -0.01795197299989039]
[-0.05071698168777311, 0.03884409329567235]
[0.09093833107569882, 0.04771717936586187]
[0.005025687078605061, 0.020281840949647953]
[-0.034517043629345906, 0.037526886553464284]
[0.06005384910654597, -0.013431288886256096]
[-0.04340634504313062, 0.011430440157589136]
[0.02224662526580027, 0.04631444562632615]
[0.03884894333985746, -0.029633505042217775]
[-0.003049781731572683, 0.03301794281287878]
[0.10444940570015177, -0.04246691197332066]
[-0.04846746498577411, -0.028710599439626727]
[0.0139437488204672, -0.08005285906273235]
[-0.009325433942325094, -0.02303170669263488]
[0.11908598664613913, 0.07026840357995452]
[0.03516418767759424, -0.012963082627451064]
[0.0076231957861438455, 0.03251164380101018]
[0.03836082365644562, 0.018542143509859284]
[0.010269086740955087, 0.07601750220004147]
[0.07208516919017116, 0.04354173056603883]
[0.042032275664341374, 0.014175758396149207]
[0.029524731838055242, 0.034903167837854326]
[-0.02555721298830447, -0.0032358433046929813]
[-0.008130171500370929, 0.000584280300901685]
[-0.05927941165422881, 0.006596277335862641]
[-0.01622791768974058, 0.005931724759405149]
[-0.025113066802981646, -0.005366392159990019]
[-0.039768936862834656, 0.013045660802523326]
[-0.06874078776927839, 0.028673624503628245]
[0.006248244961226598, 0.06134465380658506]
[0.06211397620046225, 0.012762249177449225]
[0.04965049990808737, 0.015514297372373274]
[-0.016350483582238173, -0.05210638494968721]
[-0.04167170479670865, -0.018599138808602617]
[0.01131661048056247, -0.048187650928284254]
[-0.005971331871159526, -0.021312884735295287]
[-0.04700260273719803, -0.06713695700838776]
[-0.021748128480994035, -0.04246189513108775]
[-0.003480948228166199, 0.05788084907486596]
[-0.023862624713522892, 0.08267449205107713]
[0.014058965714451746, 0.026843157188313968]
[0.005590787264816599, 0.022912237402339837]
[0.09389055161902106, 0.03820317881744657]
[-0.02126222255655514, -0.032358366882558845]
[-0.032597204975557556, 0.008787074851079615]
[-0.006621682392490277, -0.03757993777628735]
[0.010187342606114123, -0.023271629814096917]
[0.003166150139914725, -0.013483735692372018]
[-0.026837874380655557, -0.011747021560411477]
[0.011833429937307492, 0.017135929210051838]
[0.09497958591589784, 0.023918525704018395]
[0.008805391306790495, 0.034198357300189164]
[0.04313516307992298, -0.023497189794891918]
[0.06444775953727828, -0.020289409417019538]
[0.08363597615407434, -0.03270641069931088]
[-0.005166732098236506, -0.002022170382250457]
[0.02968597786761827, -0.026076390893066716]
[0.030774449462359924, -0.021903760984895743]
[-0.05549941130940425, -0.03711281794352839]
[0.021778176779410043, -0.027926026923976957]
[0.031328998403727236, 0.045749948657662035]
[-0.01463143728970968, 0.02570341424798351]
[0.025920197734039974, 0.03985509629122677]
[0.05510341200095871, 0.012033709994338102]
[-0.002010314987686168, -0.07763112471955401]
[0.01729893435581188, -0.024456069506438888]
[-0.049222682508675175, -0.0004909015683250556]
[0.048450128155673094, -0.015645922510585678]
[-0.04246670960681556, -0.04983664501209714]
[0.04902979529212988, 0.00015135095492761763]
[-0.05670125683775958, 0.07362403668749067]
[0.020467601253301708, 0.052703971064107465]
[-0.04634046646168818, 0.03199075609221336]
[0.010491070130624839, 0.03633602878805309]
[-0.04787778412664177, 0.04620693496376005]
[-0.01647560886766784, 0.009631798646574465]
[0.011946570383789205, 0.024580409383478816]
[-0.041435815096167644, 0.020095456419862774]
[0.0007920797967045888, -0.027855211307719063]
[-0.038978486497489265, -0.009686962558482684]
[0.05619014121674647, 0.0017095565327583245]
[-0.030391586358924264, -0.022465490613424996]
[-0.03716485050522046, -0.027164713853851483]
[-0.02990539546795183, -0.01301175587079511]
[-0.008489792561817353, -0.06932673879926822]
[0.009061176421259635, -0.053895180027944356]
[-0.02021447811365191, 0.011039324602007503]
[-0.02548265527368862, -0.02549848109253052]
[-0.05914899397068761, 0.007524413468507948]
[-0.014315038340443963, 0.007774399115117091]
[-0.004225314857321874, -0.0010441160840828356]
[-0.013046263898372604, 0.022111955364204634]
[-0.00488968335173854, 0.04468536168334172]
[-0.009057687701689913, 0.04287761047958141]
[-0.04750209150117215, 0.0642151651999406]
[0.02336568653990323, -0.018885335141476126]
[0.044449079735913444, 0.014555440940835239]
[-0.03179733780319597, -0.0006677880522923327]
[0.1439517020128575, 0.015726758406027608]
[-0.002283441071122931, 0.039844762879473514]
[0.018952886036800027, 0.008152965770738284]
[0.0007389928523638956, -0.009909399496571873]
[0.028273654445732932, 0.03382984754355323]
[0.01915038983565498, -0.010406393082370208]
[0.011914214132493208, -0.04506428744437903]
[0.024512191691268892, -0.03464393138756478]
[-0.013518495287885807, -0.04833708075879688]
[0.006437967870125433, -0.05958326104682689]
[0.06610586681501043, 0.02259461749609811]
[-0.01258722125306981, 0.01863466059426392]
[-0.047306359601457015, 0.013601718449965647]
[0.028392599637859256, 0.016474449191363046]
[0.05989405521387654, 0.023464723596148207]
[0.0009492960003445461, 0.015167692183260625]
[0.018120023083923853, -0.011618229172369404]
[0.0018209207121991852, -0.008410989513610023]
[-0.004851012311056665, 0.00629268427149432]
[0.016898696374024393, -0.05167509593907703]
[-0.03895563685360294, -0.02460772538058928]
[-0.021676234337600995, -0.0057073905798887895]
[-0.0024114222735710997, 0.003907006278722182]
[-0.0043837945562798485, 0.029219884659934893]
[-0.055667261229024476, 0.004672770556095822]
[0.02064940579206082, 0.0018096997608467308]
[0.005584812439753863, 0.0015861180072437933]
[-0.003422978279211071, 0.011304331450666692]
[-0.027396245844493055, 0.09106576977184086]
[0.01009948884415272, -0.0009246371008938964]
[-0.0179521774452226, 0.03788359411268569]
[-0.015559587615001827, -0.011063069902350023]
[0.029758139358656045, -0.01164511980163413]
[-0.00252785463626682, -0.0031913348595819027]
[0.016994694271066733, 0.010769430554023622]
[0.05395119365579454, -0.028343574674985127]
[0.03109737502182943, -0.008743284612442573]
[-0.015457968905103536, -0.016135597598829314]
[0.009828353886270812, 0.01744550631362625]
[-0.04032487099282569, -0.005700007830940705]
[0.03864494020943793, 0.01114231677825582]
[-0.01239206603565371, 0.019463130980437865]
[-0.008758811545566757, 0.06323123038913578]
[-0.018368807886909574, 0.03203319084422407]
[0.008231115991765778, -0.023726170192458707]
[0.023362996740786013, 0.03761879380145699]
[-0.02983566433948836, -0.03130696738438499]
[0.00793223411371459, 0.020685256085712655]
[0.016619290455261802, 0.05781174926498436]
[0.018159664255273086, -0.020117150541153067]
[0.03139002797627329, -0.03679060711897457]
[0.017383895494798927, 0.017449448035173013]
[-0.030583606312335643, 0.00626320694289767]
[-0.026196867163420595, -0.0061638880440018085]
[-0.004938170547276213, 0.0184593905894233]
[-0.023956021045683396, -0.00017420278425299418]
[0.014324835502442197, -0.008899523304597538]
[0.024410694033630945, 0.001940906319224625]
[0.0005651570388206933, -0.01066130862804801]
[-0.011671497029872455, -0.0019578049939179554]
[0.010805534382698545, -0.003160516245262278]
[-0.01975891533845793, 0.0068764539690574986]
[0.030016752299657078, 0.0114232279622268]
[0.026942914280300177, 0.0019372005904579534]
[-0.0286552188282731, 0.05898603890969285]
[0.00381865703522484, -0.011401809917323355]
[-0.034240100780521365, 0.06969311652831733]
[0.03035356203086878, -0.045866681107598374]
[-0.02204206997052021, 0.017914591890605666]
[-0.023452903805439435, -0.006114953586916501]
[0.030064020386180414, -0.011413845945573368]
[0.03931148644577625, -0.00879906634774516]
[-0.015110002757295942, 0.015704204200183876]
[0.004638398524020759, 0.029370818395646196]
[0.011384124939916564, 0.014978373976304825]
[-0.03105492189653611, 0.021577650096719605]
[-0.015400084836560027, 0.04575694354915313]
[0.005680443877541675, -0.005801687027475702]
[0.00448179791953536, -0.0064607208776573145]
[0.003165267651352152, -0.023269945981441685]
[0.00729286406616346, 0.019478921785938436]
[-0.0212423161526019, -0.016747899433042713]
[0.03529713342224844, -0.004132870862970452]
[-0.032296251808535396, 0.03670249067630082]
[0.0017433297435887445, 0.013512093777114598]
[-0.011048575049654306, -0.0030617473739869353]
[0.009517079378677146, -0.012351715680669353]
[0.005077688195460832, 0.005855166615247792]
[-0.005734395555894327, -0.020015141943313962]
[-0.0031171456954844426, 0.006842726247345644]
[0.026357835826517628, -0.014570007407459933]
[0.004344523124140347, -0.024159503935448974]
[-0.0025787749368166683, -0.026048123334037915]
[-0.014094638736939627, 0.02622152753634805]
[-0.013479263200608785, -0.04007033753856631]
[0.00719804716246554, -0.00821540121497889]
[-0.00263543245608747, -0.015400957799204699]
[-0.028492076958191337, 0.011587590368900925]
[-0.018397304409308854, -0.021957403814923743]
[-0.0047426760500173595, -0.009292500265320365]
[-0.008536666650673649, -0.023715991703372526]
[-0.007700932365073611, -0.041058674042479856]
[-0.009365374372206015, -0.014326728119689752]
[0.004568723842891066, -0.011145431671828913]
[-0.027838632885271948, -0.03579808066844559]
[-0.0008242583034441323, 0.04106770292853905]
[-0.0010381584565310534, -0.004734531919185762]
[-0.02717852852530124, -0.007224846575340116]
[-0.013900063625679387, -0.01801676403878785]
[-0.04035884707609309, -0.023876013474347868]
[-0.0036683652520985432, 0.019889273876927488]
[0.020253480377294096, 0.01001160389328662]
[-0.022492339163258403, -0.006834655057554359]
[0.0018372223987380872, 0.006466100496881254]
[-0.024439032529504717, 0.012467416180415976]
[0.023900422401249163, 0.04132263526376828]
[-0.020243423383839294, 0.01164106983231307]
[0.006937358137417353, -0.009152764085368827]
[-0.014060320208340443, 0.011023795764355717]
[-0.02497102252031633, 0.00246841869826055]
[0.0013578166892788748, 0.002252797969199742]
[-0.009727862678919598, -0.027680545353856077]
[0.017031103848464593, -0.005896394924595639]
[-0.0071653889163664185, -0.023778631812715653]
[0.008192726704803536, -0.00614024971409146]
[0.007640799049543592, 0.009681870619610572]
[-0.0026489848951145034, -0.01104370287713477]
[0.011964445567607097, 0.0025822070915473318]
[-0.02051499795325234, -0.02146473983799496]
[-0.0042536895074722116, -0.029182253624961654]
[-0.02649247860985214, -0.00707135243278241]
[-0.01530502194702231, -0.013767849085636549]
[-0.0029754077416338995, -0.012016988801408765]
[0.005812590017566219, -0.023527729570394344]
[0.001213577733393853, 0.021353698983094326]
[-0.0157096806650165, -0.008015404804713348]
[-0.011723634009043676, -0.002799287884856616]
[-0.040377054607123264, 0.006168955617307341]
[0.004909141834641688, -0.00962153151143843]
[-0.0063762859347833885, 0.01865697335556326]
[-0.013758113577939705, -0.009752979891425116]
[-0.03175552498390391, -0.00444841852709341]
[-0.012978791674017158, -0.004893855469275121]
[-0.0029585039552857684, 0.007363116805798556]
[-0.005966262075316461, 0.003914539359205474]
[0.0013890833685308093, 0.009812281957696293]
[-0.007326057980775489, 0.02039344041213848]
[0.028883933188164117, -0.0013839741199913082]
[-0.008959300088067484, -0.008919554637942483]
[0.0033090507451207785, 0.016033614434641172]
[0.01711062418585938, 0.009625583686244388]
[-0.03272341494035451, 0.009556976175848476]
[0.008124838989134929, 0.008800905571177312]
[-0.006971268741884341, -0.013719942051634631]
[0.006463518138637846, 0.01449813315948434]
[0.0038845747778921726, -0.00545422665245416]
[0.019462373901462597, 0.010273743895539561]
[-0.005766789102976649, -0.00282039878664545]
[-0.02118227311156144, -0.013241596211237374]
[-0.007725800304337591, 0.01000502341562138]
[0.027941695191441834, -0.01161352543200183]
[0.014269906439610253, -0.020046176509032967]
[0.0008155833029262274, 0.03508224846060802]
[0.004763715120034557, -0.019116033199234356]
[-0.004973035912758751, 0.010206670903372926]
[-0.010655576327733566, 0.014544607896939232]
[-0.001842206140583589, 0.008983998327026115]
[0.04850188586785939, 0.016113792621346434]
[-0.020813444221915643, -0.012861723578318374]
[-0.005988160013754646, 0.017736169083973505]
[-0.001031505783584498, -0.007813665778536368]
[0.013720773257087746, 0.0023681247232034157]
[0.02904834873766357, 0.03255070359227044]
[-0.004255344213467332, 0.010498334279354577]
[-0.0017690912060252077, 0.017469621915402547]
[-0.006789397933243565, -0.020144683749181484]
[0.020757674985707117, -0.007029061780045339]
[-0.03131720134796978, -0.007103440037320948]
[0.029777281413232003, -0.018608792770615383]
[-0.017642212929603066, 0.011470600837190505]
[-0.01756012417929775, 0.02367502950258146]
[-0.021563570843560503, -0.03600775373359398]
[0.00710193751134857, -0.005912752394093307]
[-0.014448933988203672, 0.01884878912459117]
[0.000495027072406732, 0.013969302006574058]
[-0.0043678768593354705, -0.0050104948423840105]
[0.002949328736416946, 0.026506798309209517]
[-0.005691852490430489, -0.01767415463278791]
[0.02113316082545796, 0.0023999228457415433]
[0.019187985177163445, -0.0009438050978651863]
[-0.0063576960539889, -0.002031730185565058]
[0.008442161103845446, 0.009767806181766453]
[0.011695527801457679, -0.02326852668987096]
[-0.008019784023373212, 0.02769785638576497]
[0.015959152935520058, 0.014220697483589163]
[0.016898505586738242, -0.004300810784960397]
[-0.0015954315644789753, -0.024088242996236617]
[-0.0006328113268556368, 0.018322042960328123]
[-0.011429838474746826, 0.002999165825719227]
[-0.021788181931376303, -0.00752628584429482]
[-0.009643051047989903, 0.00026883047351599493]
[-0.022774576458781094, -0.007743002068697435]
[0.007096145413821959, -0.01679560857814511]
[0.00925204608616993, -0.002689354595695157]
[0.008090723912123177, -0.015870844287891046]
[0.004196891158895634, -0.006511340013083962]
[0.008605542107838291, 0.0032863743330930235]
[0.01270059129625682, -0.006091952288924563]
[-0.0033990904701805408, -0.002860572623464363]
[0.018556329020479437, 0.018437040116078628]
[-0.01531626589623024, 0.0061318560949305614]
[0.0028235388953556165, 0.007070989341664506]
[-0.020641590894383242, -0.007330770695490168]
[0.005574852679101655, 0.018605442243313466]
[-0.004659590028813157, -0.00231364378797587]
[0.0009413736986329801, 0.013325824463726339]
[-0.002385156297627297, 0.011731930371038129]
[0.002460437471117285, -0.0026230702189631613]
[-0.007433656153754315, -0.012852807645939561]
[0.0019683422095694535, 0.014137997455004693]
[-0.007413239659921272, 0.0022626485545030562]
[-0.005092635109501392, 0.01484768520871842]
[-0.006622512131250296, 0.00810630119318346]
[-0.004690020525639072, -0.011022153876041847]
[0.015220214150413133, 0.010343065844387255]
[-0.017709542024700646, 0.005054080381899823]
[0.006744969482676246, 0.025262311340771403]
[-0.010719938787232425, -0.007395277582640682]
[-0.009589313303380257, -0.018060368542366152]
[-0.0201976572261266, -0.007075220663465766]
[-0.0025565891211063382, -0.014023203066231737]
[-0.019891021258174046, 0.016736091399445437]
[0.024304226555586776, 0.007905011055885093]
[0.004101061501560746, -0.017750540623837373]
[0.00017259705096253804, 0.0026114928318328994]
[-0.008394087748349573, 0.0004944208017104781]
[-0.006821612019312459, 0.015299169463197305]
[-0.012909834010577553, -0.005474699098440272]
[-0.010433789308634296, 0.01753905401853512]
[0.013773622529741375, -0.02190041555159384]
[0.0026955002141511586, -0.017492995118077153]
[0.00638873137469278, -0.008988270461086828]
[0.01009974471360222, -0.013253416881021687]
[0.009291100169577002, -0.014340999259126868]
[0.008787985173599196, -0.01663261370083858]
[0.01702904096387866, -0.011044423767398157]
[-0.012504649098867714, -0.007926275642079346]
[-0.010841126063380759, 0.011780916416985317]
[-0.011824344708265523, 0.00017943227789688366]
[0.01533106155692722, 0.018285429868122576]
[-0.008149792109121846, -0.003985453974475691]
[0.008332119842533285, -0.009740459965333188]
[0.010340728091237783, 0.009368245852718771]
[-0.0029259395046941725, 0.008763001289651816]
[0.012779681087642688, 0.013309766184890128]
[0.018488413013881915, -0.0029995238708789692]
[-0.00921858770881981, -0.014186785523009612]
[-0.021261030015715252, 0.020359938848278386]
[0.008433753971251946, -0.0025055665640991895]
[0.007136208435764026, 0.014557983629084302]
[-0.007734901946311744, -0.008404268641341259]
[-0.00156399984538849, 0.014694238568831166]
[-0.007213319947139733, 0.007600479670666172]
[-0.009706798481483151, 0.014034777614323445]
[0.00840491364454421, -0.010306764801672542]
[-0.0012961277929073658, 0.026191576087551956]
[-0.010338668319230322, 0.0002665533428819495]
[0.0013397924325867106, 0.008785514286164638]
[0.0018495176378599256, 0.009056419632337753]
[0.012414562756561503, -0.008056076980955916]
[0.003449727655773626, 0.0020931127410076123]
[-0.004303884696293255, 0.0009075740185618799]
[0.014448719792691021, -0.00034275614994656]
[0.005022034110402793, -0.005748913911619935]
[0.0031323577169263626, -0.0029084649841982784]
[-0.009112906299575087, -0.016449915126355016]
[0.008642402097528406, 0.01303390587142397]
[-0.013084301908403855, 0.0018991661269999564]
[-0.010611446024072942, 0.017589471072651765]
[-0.00899368337742462, -0.012862766717644764]
[-0.006006901729731791, 0.001568680108890953]
[-0.0039175585053458205, 0.005976586819357248]
[-0.008323322975614594, -0.0012290734294187278]
[-0.00968312135357167, 0.001298967524217081]
[0.01885673281122299, -0.0033934632409057556]
[0.009259474866780271, 0.007057793245069283]
[-0.007640771174145848, 0.002189402811779641]
[0.0004863982674946782, -0.009981023838868185]
[-0.002806092261500909, 0.006761405729921146]
[-0.014894956604767001, 0.0090347310653443]
[0.008687163622086264, 0.004886141296534355]
[-0.019176409647078098, 0.005262989516942349]
[-0.0160041756949097, -0.000953829007790355]
[0.0009685317715874215, -0.01313472215955008]
[0.020870648908751947, 0.0005718456758807174]
[0.0007962905121770411, -0.0019098686226254858]
[0.013660163092601882, -0.0005620517626572603]
[-0.010428913761894965, -0.00482201678161168]
[-0.0015865943088110546, -0.0029682011005921923]
[0.004077062231604449, -0.005874863111318162]
[-0.007565324690670058, 0.0030135379403627045]
[-0.01436592965645217, 0.005935727216421792]
[-0.0009666973033598163, -0.006120589231754361]
[-0.013829244954878809, -0.007351961809910899]
[0.015813525968151002, 0.00011516456366021883]
[-1.6554224669953002e-05, -0.002690624403605808]
[0.007726387709272078, 0.01672765923310928]
[0.004594873356515069, -0.012775579032352222]
[-0.011540552909951176, 0.009887751748934954]
[-0.005912604468505927, -0.0037987908699107682]
[-0.012985741105986968, -0.018346507979426635]
[-0.005618537948385882, 0.005651402009579117]
[-0.00019140829725556186, -0.0011531563359639435]
[0.02432150694609035, 0.002876470203722196]
[-0.009196383020526508, -0.009327154070958538]
[-0.0008441254126430615, -0.003732014371237578]
[0.004954131792454231, 0.00785321566603148]
[-0.002300596535276359, 0.00917520258772422]
[0.0033762628952431874, 0.00839186024617038]
[0.005075702987644153, -0.004986341173275102]
[-0.018414944374045686, 0.009691062569946916]
[0.011995153170307435, -0.00988824115478661]
[0.0007022968746579674, 0.0017093727535180555]
[0.017053297667760637, -0.0011503558636839178]
[-0.013636479524687575, -0.0015197814100329178]
[-0.008062781659926216, -0.004369237656126894]
[-0.004465028320696962, 0.005547320385308968]
[-0.004388344633212155, 0.005381437463425698]
[0.0004428162818378746, 0.0033450582495557764]
[0.0004106933351616434, 0.010629353063991657]
[-0.004112220540221992, -0.005488636130559641]
[0.0010183639322492513, 0.008379722488768318]
[0.011016799696666076, 0.005763930653593766]
[-0.003890434146132221, -0.003421273418753866]
[-0.005173892865953862, -0.007388703088024595]
[-0.0026329580117151856, -0.011250378372691702]
[-0.011823677860237032, 0.0007764598385091221]
[0.00043923966598036907, 0.0014008968791563302]
[0.0002156801202135867, -0.0015486746575136302]
[-0.015767651978707962, -0.001041777324763793]
[-0.002431488597996502, -0.001419577771010751]
[-0.0021962846132740545, 0.0009225702021330726]
[-0.008083637052039913, -0.008112697526605376]
[-0.02222268171397351, -0.006146199036519101]
[0.004002051132522142, 0.0038119823415485956]
[-0.009937247437861394, -0.002155324647408928]
[0.001251067904767143, 0.010344513102819627]
[-0.010025210971277022, 0.00013897257011786113]
[0.01071039065244322, -0.006161246315930254]
[-0.004100811598184316, -0.0007067975857301414]
[-0.008432270840222354, -0.007437884963099917]
[0.005622662334841488, -0.003489064038098268]
[-0.013466579635600436, -0.005943430182541365]
[-0.00839718075006414, 0.0073382409316513275]
[-0.012434241758948458, 0.010268978356113973]
[-0.0038322005281463453, -0.005077160708445805]
[-0.010042970900074963, 0.012493114808925291]
[0.006680085512528007, -0.006326476261048134]
[0.0016614573752644253, 0.018123467751056617]
[0.0024168020419400253, -0.005089381313332599]
[-0.012507915906798174, 0.016489711823627306]
[0.001305844368025607, -0.007312841995835658]
[-0.010505067402739024, -0.017290465660357555]
[0.0018013343254457935, 0.012645376698786653]
[0.009698014642076702, -0.017247487669119273]
[0.01333344900242731, -0.00012120803877881678]
[0.017601165732552396, -0.008576026933183243]
[0.018900863058525414, -0.004045467432509504]
[-0.0021191235810659147, -0.0067886545885596]
[-0.008229928651933349, -0.003911063911255267]
[0.005952738693378392, -0.0028340662266679007]
[-0.005867114524047619, -0.008141913440833242]
[-0.014206048653312316, -0.004149107133018873]
[0.004423850313793129, 0.005506996320819523]
[-0.009333890640080849, 0.00310482481387065]
[-0.008570882972444117, 0.0020569384489890026]
[0.003627737366888893, -0.0021353820549418253]
[0.009862979995262987, 0.012554594391365418]
[-0.00673907797088078, 0.007076367821829677]
[-0.002427563874420115, -0.00400652249486199]
[0.009978302345548215, 0.00831932831500516]
[-0.0013058529158033686, 0.019053230457919942]
[-0.016145127971589207, -0.004453190313672067]
[-0.011368962116237304, -0.012811269333628932]
[0.004671294824913396, -0.011489076367682871]
[0.0003870156362827306, -0.003896239905843476]
[0.009438074293576666, 0.002279794123819702]
[-0.0013927409317367172, 0.010065779447444561]
[0.005092478833151904, -0.0013284391126351788]
[-0.000134470563675956, -0.013149815986587137]
[0.0035538049635041973, -0.010492322517496358]
[-0.018257438653392164, 0.0039653686028031255]
[-0.007046931074402811, -0.0047773548602331375]
[-0.0013694403008716449, 0.0034837945157174047]
[-0.00088464651941806, 0.003194369601331548]
[-0.00034680185733089626, -0.005201328810275919]
[-0.002348389111845395, -0.002949998640337301]
[0.0002669522912950046, -0.012853771022276018]
[0.008280602777358453, 0.01227174571211458]
[-0.0033067889290535283, -0.004517104439604846]
[-0.008710580758805753, 0.0014812836936114147]
[0.008165640246155549, 0.000374959393099979]
[0.0009149093876075834, -0.009107071557616569]
[0.0025905462035835398, 0.011918287679864267]
[-0.004433173526481865, 0.017868391951780443]
[0.0014785598896373958, 0.004153874004099714]
[-0.006958545793843616, -0.00839053697711892]
[-0.00034177869777017936, 0.0017385001682507367]
[0.005708823548559658, 0.011165000450114686]
[-0.002324040608726756, 0.004760788294080838]
[0.0031561157045050976, -0.0039049002804122093]
[0.0077112565113309495, 0.0018235947827019202]
[0.002483873215770399, -0.010336722270010465]
[-0.003836607123251762, -0.00254834378811054]
[0.012713607954657605, -0.003266488083910125]
[-0.0005793569384911941, 0.0013689341481702977]
[-0.000680751403039262, -0.008517233716484343]
[0.009622449452857344, 0.006203272994272648]
[0.003037170260524965, -0.013359152554737706]
[0.009102417947436641, 0.009528077667557328]
[-0.004193097137275739, 0.0031398696164618312]
[-0.0031310559701670654, 0.00031064357681962265]
[0.001062842448560121, 0.003290377173563038]
[-0.010240227562853543, 0.00992245544976369]
[-0.008078554759246044, -0.007670582393550305]
[-0.010314942808503506, 0.007797944934527932]
[0.0019529104845351399, -0.0015178290379961861]
[-0.010661685710836779, 0.003948606432937523]
[0.006808233945191675, -4.632983376520912e-05]
[0.01079169593655123, 0.0036084030093263084]
[-0.000713951052087481, -0.005769518935045253]
[-0.0013838185191626558, -0.002491601507373247]
[-0.01131695284242967, -0.0013833857485704426]
[-0.005367782913981659, 0.014256639771029034]
[0.002911309377693596, 0.00038626668123286495]
[-0.004586402431647393, 0.004731271984348647]
[0.005946617604134282, -0.0030630584138626312]
[-0.005581404643665591, -0.0008878261718389801]
[0.0010856039974705065, -0.00286275229921781]
[-0.011266914405927596, 0.002723843531592822]
[0.0029973056874860148, 0.0069261511874818965]
[-0.014043936309362685, 0.0027809417071631565]
[-0.0018713064465280989, 0.004715241928700251]
[-0.007737661384249767, -0.004602967618117067]
[-0.012165479650444615, -0.0004604406943077132]
[-0.0011921164863555166, -0.0031591460372253286]
[0.0002972593062630785, -0.005084501342382888]
[0.008653501720376586, -0.0038664276232050297]
[-0.0004903419062561275, -0.0071232451809358525]
[-0.011721201965965222, -0.005323899733950451]
[0.008422236889121505, -0.0011439615715121195]
[-0.0045101581160972674, -0.008608729400071392]
[-0.006186042102274856, 0.002407741002494747]
[-5.207352664781187e-05, -0.010570655285445974]
[-0.003152529780914095, 0.00099733028791219]
[0.0038138820378742708, 0.009216422134760571]
[-0.0012321437548136194, -0.00283528861898843]
[0.008822985399626015, 0.001039861072295159]
[0.0004156833730556801, 0.0042416799640419885]
[-0.009569693944799618, -0.002600268764846137]
[-0.004881682708044371, -0.0025864722718237174]
[-0.0008308518695925356, 0.0018884535573058941]
[0.0021425371439780516, 0.0009561525113692838]
[0.0014006576349443554, 0.009054457871632789]
[0.0019140458214458554, 0.0013513813623571135]
[0.003149216941392804, 0.0009463603765140459]
[0.0133431113392398, -0.004476465278455766]
[-0.006110870422029523, -0.001618643990223937]
[0.011462540029784609, -0.003963550423906673]
[-0.0005056969532879659, 0.005932399382681416]
[-0.007514569518274198, 0.007946144833431154]
[-0.009245340750123824, 0.012090953708041653]
[0.004924791786968037, 0.001748192142484636]
[-0.01039891278779703, 0.008756698696066751]
[0.004288848737807136, 0.004113161677884303]
[-0.003534226183346848, 0.006894568498505175]
[-0.011470330028792795, -0.007343647333959572]
[0.00481785963689035, -0.008876298714061443]
[0.012173124200757626, 0.0003315100089344297]
[0.0032659301742495143, -0.015486045506200394]
[0.0035084700056947707, -0.007885856605615383]
[0.0017727673985813795, -0.004785024710350222]
[-0.0077399279952505545, -0.01351741951012155]
[0.0079980747330563, -0.011190430984085092]
[-0.001558816503636356, -0.006970150577372276]
[-0.0014211874925239825, -0.0008539248066219626]
[0.004558067159598864, -0.00980290773910279]
[-0.009159317170533554, -0.002197792180787861]
[-0.004927375658149692, -0.007900486599061372]
[0.0009497534167630384, 0.0008896218216105714]
[0.002871795646844838, 0.001975086053203297]
[0.004178921367885044, -0.00499575807358095]
[-0.0032582475103290643, 0.0030741979293412575]
[0.0031190311827757732, -0.009854460067693676]
[-0.0076183833236028245, 0.0024828738060846574]
[-3.446797928942889e-05, -0.002906647508286231]
[0.0003885794105411289, 0.001236578288131035]
[0.002334754367523676, 0.005623211224901056]
[-0.0015238200979442972, 0.011196088099907013]
[0.012943084170485581, 0.014303794272355097]
[-0.00021465128296919295, 0.0021906027258553618]
[-0.0008302580250148864, 0.005705166932069098]
[0.00026427674720409106, 0.008174232676627296]
[0.007338091978829639, 0.0006270796624630037]
[-0.006086816197062941, 0.0025052347604384018]
[0.001344118200865968, -0.008525715510914435]
[0.0002073072345679869, 0.0023750202838249447]
[-0.00024732292535675077, 0.007056207443952188]
[0.006487331647896541, -0.007096697792873152]
[0.0027194795619022005, 0.010141825445728208]
[0.01249580326783209, -0.0019186940316438424]
[-0.005135199263207768, 0.003123009792995124]
[0.007282946111370099, 0.006521214718097364]
[0.00019140103602367266, -0.013304064253604673]
[-0.003548187932628434, -0.0019336106625876953]
[-0.010521649117638424, 0.009763723401038534]
[0.0056929032512133375, -0.004996967583471649]
[0.001303427379465696, -0.009172935416928138]
[-0.0008892465419575342, 0.002052371971804183]
[-0.005459749907940566, 0.0063954231253425045]
[0.005142573679425992, 0.0010526873932069983]
[-0.00014520531681218307, -0.0038838619577046263]
[0.0077980060324073265, -0.001825230214601889]
[0.0018589835721258465, 0.011758206335394185]
[-0.011369951918088313, 0.003738253186254075]
[0.0033237180093922333, 0.011122226954304888]
[-0.0006337755663138565, 0.0007706221378082564]
[-0.0006796891024269877, 0.0032347950190508568]
[-0.006868117459719885, -0.005890711294963933]
[0.003837436864162578, -0.008159469680775414]
[0.0005654021209211182, -0.00308187035856073]
[0.001511190249474919, -0.00550400248417]
[0.006165419419180128, -0.004640823278478735]
[-0.0018225586203086171, -0.00596862106339845]
[-0.009768516926000314, -0.007806488687871167]
[0.0004881611836044641, -0.0013326190028349963]
[-0.0009359524618160822, -0.003495286863181707]
[-0.0012549352883065978, 0.003551144949816048]
[-0.0022581750416362286, 0.008708766175753495]
[0.005696443070427583, -0.0011537195114291743]
[0.005979887628968507, 0.000764715434244171]
[0.009069669759711407, 0.002553384671322878]
[0.005570671281635577, 0.006675814666383357]
[-0.001400886637266379, -0.005329647287487686]
[-0.007369730287267274, -0.004730049585146043]
[0.0037021303130314823, 0.0003525641997806604]
[-0.0013689535972614443, -0.005855920339816783]
[0.0022038225224584543, 0.006018020015174933]
[0.0009360600311501405, 0.0010194000702230602]
[0.0034686954647385523, -0.002195553339638494]
[-0.001104447641589179, 0.006863149701587808]
[-0.0016750223710253285, -0.0016957199796511675]
[0.0031736879251722094, 0.00357277010578343]
[-0.004361457621820098, 0.0003954479501763683]
[0.0029820292389063207, 0.009049757864224555]
[-0.002731604725745237, 2.7940516915549163e-05]
[-0.006692332927930752, -0.003819263726323987]
[0.0025672633434456714, 0.0005066669919023686]
[0.0025043539444984855, -0.0017336484244841986]
[-0.006188462626533111, -0.0013428674392664333]
[0.0011158198607280623, 0.006730327389801814]
[0.0027634426718370648, 1.8255895556498758e-05]
[0.0008914215196798025, -0.0051132454767971874]
[0.0007717046203003846, 0.0011653544979662554]
[-0.00038667727568404524, -0.0004037197835703617]
[-0.004327874222557222, -0.005160924680836457]
[-0.012393024693244676, 0.0038608040651929923]
[-0.0019856404895036784, 0.0003977617055733497]
[-0.00300601887350682, -0.001587491311066027]
[0.005375614633064926, 0.003549500952111314]
[-0.0007212595753785644, 0.01122434914725734]
[0.0015298769529178734, 0.005407630372213999]
[-0.002947586190502125, -0.00315421362500656]
[0.0044207515274105325, 0.006387910056383457]
[0.0020811721811271246, 0.0018298005233886548]
[0.0008404523390000695, 0.004327918804737707]
[-0.0014194797206085828, -3.51070568337733e-05]
[0.0005029884737447251, 0.00377270297194076]
[-0.0009120193736521908, -0.00021746729767679884]
[-0.0024705147124461767, 0.005310590628311396]
[0.004307214138082686, 0.0029369867114135764]
[0.000830705251846804, 0.0012961178524873024]
